        1023
    0.0000000000E+00
    0.7291680058E-08
    0.3277070736E-05
    0.3245281229E-05
    0.7487009271E-04
    0.7506555505E-04
    0.7837296729E-04
    0.7834117779E-04
    0.6385708321E-04
    0.6386446448E-04
    0.2575903386E-03
    0.2575976826E-03
    0.1567855646E-03
    0.1571684809E-03
    0.2467833667E-03
    0.2465637911E-03
    0.2321293381E-03
    0.2325128216E-03
    0.4260777619E-03
    0.4263116747E-03
    0.4118310478E-03
    0.4117992582E-03
    0.5014141435E-03
    0.5016098409E-03
    0.5911254429E-03
    0.5911323913E-03
    0.6806479933E-03
    0.6810313948E-03
    0.6664480160E-03
    0.6662281716E-03
    0.7737954985E-03
    0.7744057114E-03
    0.9500678521E-03
    0.9500361261E-03
    0.1039750295E-02
    0.1040172561E-02
    0.1129489596E-02
    0.1129457806E-02
    0.1219134343E-02
    0.1219744466E-02
    0.1395505890E-02
    0.1395286315E-02
    0.1484801916E-02
    0.1485411969E-02
    0.1604976064E-02
    0.1605608729E-02
    0.1694815246E-02
    0.1696055970E-02
    0.1974382013E-02
    0.1975139873E-02
    0.2064317440E-02
    0.2064822808E-02
    0.2239729971E-02
    0.2241097557E-02
    0.2330176324E-02
    0.2330681983E-02
    0.2505716895E-02
    0.2507084480E-02
    0.2699606029E-02
    0.2701581673E-02
    0.2773075005E-02
    0.2773707670E-02
    0.2966278618E-02
    0.2967519837E-02
    0.3245997530E-02
    0.3246629495E-02
    0.3335786612E-02
    0.3337762957E-02
    0.3512588320E-02
    0.3513955905E-02
    0.3603293621E-02
    0.3604013894E-02
    0.3882400101E-02
    0.3883773567E-02
    0.4162241572E-02
    0.4164100951E-02
    0.4339030977E-02
    0.4340403861E-02
    0.4429668621E-02
    0.4431654658E-02
    0.4606363194E-02
    0.4606259587E-02
    0.4970553001E-02
    0.4973151049E-02
    0.5165912889E-02
    0.5166547248E-02
    0.5341329082E-02
    0.5343314973E-02
    0.5621799976E-02
    0.5624396118E-02
    0.5799375542E-02
    0.5800011310E-02
    0.6078479314E-02
    0.6081077388E-02
    0.6359661187E-02
    0.6360296602E-02
    0.6535078436E-02
    0.6537674578E-02
    0.6816241377E-02
    0.6817615669E-02
    0.7181757439E-02
    0.7183614705E-02
    0.7272789169E-02
    0.7274164870E-02
    0.7638454833E-02
    0.7641050356E-02
    0.7815980383E-02
    0.7817839762E-02
    0.8096237919E-02
    0.8097611506E-02
    0.8376116959E-02
    0.8377976338E-02
    0.8638542682E-02
    0.8640526606E-02
    0.9005014160E-02
    0.9007000197E-02
    0.9285270610E-02
    0.9287128932E-02
    0.9462125356E-02
    0.9464111041E-02
    0.9742579045E-02
    0.9744437367E-02
    0.1000523875E-01
    0.1000722464E-01
    0.1037132046E-01
    0.1037465619E-01
    0.1065316164E-01
    0.1065501905E-01
    0.1101932096E-01
    0.1102130756E-01
    0.1141344052E-01
    0.1141781138E-01
    0.1169506923E-01
    0.1169820011E-01
    0.1195758252E-01
    0.1196092311E-01
    0.1232343703E-01
    0.1232905382E-01
    0.1250298353E-01
    0.1250508354E-01
    0.1305596813E-01
    0.1306034078E-01
    0.1342305133E-01
    0.1342742579E-01
    0.1360135550E-01
    0.1360345477E-01
    0.1396587038E-01
    0.1397251641E-01
    0.1442031865E-01
    0.1442469213E-01
    0.1470191774E-01
    0.1470401750E-01
    0.1506639584E-01
    0.1507147862E-01
    0.1551932594E-01
    0.1552352669E-01
    0.1569750179E-01
    0.1570213468E-01
    0.1606463776E-01
    0.1607009101E-01
    0.1662092705E-01
    0.1662408847E-01
    0.1679804666E-01
    0.1680142255E-01
    0.1724926988E-01
    0.1725598132E-01
    0.1761835386E-01
    0.1762151528E-01
    0.1798388782E-01
    0.1798934226E-01
    0.1843728789E-01
    0.1844170421E-01
    0.1870101008E-01
    0.1870542521E-01
    0.1906782232E-01
    0.1907327886E-01
    0.1962419629E-01
    0.1962861261E-01
    0.1988801335E-01
    0.1989242712E-01
    0.2034017614E-01
    0.2034563478E-01
    0.2081117572E-01
    0.2081662798E-01
    0.2116123318E-01
    0.2116439589E-01
    0.2152686673E-01
    0.2153253765E-01
    0.2189506530E-01
    0.2190052095E-01
    0.2234821316E-01
    0.2235137248E-01
    0.2279912150E-01
    0.2280583315E-01
    0.2325375420E-01
    0.2325921074E-01
    0.2362150955E-01
    0.2362571005E-01
    0.2407355737E-01
    0.2407797249E-01
    0.2452574609E-01
    0.2453120383E-01
    0.2487595648E-01
    0.2488141093E-01
    0.2543232835E-01
    0.2543778385E-01
    0.2588543880E-01
    0.2588985377E-01
    0.2623456995E-01
    0.2624106573E-01
    0.2679188485E-01
    0.2679734229E-01
    0.2724518961E-01
    0.2725064316E-01
    0.2750997017E-01
    0.2751542672E-01
    0.2804857257E-01
    0.2805402792E-01
    0.2860484704E-01
    0.2860904769E-01
    0.2895372318E-01
    0.2896043462E-01
    0.2949367878E-01
    0.2950017434E-01
    0.2996557629E-01
    0.2996977694E-01
    0.3039989761E-01
    0.3040556983E-01
    0.3085336879E-01
    0.3085986247E-01
    0.3128988484E-01
    0.3129408559E-01
    0.3184500301E-01
    0.3185149669E-01
    0.3238463911E-01
    0.3239135115E-01
    0.3265057986E-01
    0.3265581993E-01
    0.3321674939E-01
    0.3322294324E-01
    0.3377106119E-01
    0.3378193228E-01
    0.3420982219E-01
    0.3421717133E-01
    0.3474766219E-01
    0.3475531459E-01
    0.3521847474E-01
    0.3522582242E-01
    0.3565390377E-01
    0.3566477533E-01
    0.3619519282E-01
    0.3620138835E-01
    0.3673191208E-01
    0.3673925780E-01
    0.3718481531E-01
    0.3719392856E-01
    0.3772447675E-01
    0.3773585634E-01
    0.3826640016E-01
    0.3827378401E-01
    0.3861664585E-01
    0.3862580144E-01
    0.3915638233E-01
    0.3916553632E-01
    0.3979859563E-01
    0.3980482207E-01
    0.4023261428E-01
    0.4024176813E-01
    0.4077217785E-01
    0.4078133057E-01
    0.4120924084E-01
    0.4121662813E-01
    0.4184976501E-01
    0.4185892012E-01
    0.4238928856E-01
    0.4240167798E-01
    0.4274465446E-01
    0.4275203936E-01
    0.4328253007E-01
    0.4329168687E-01
    0.4382207214E-01
    0.4382798969E-01
    0.4444349675E-01
    0.4445265144E-01
    0.4498304434E-01
    0.4499396781E-01
    0.4552445089E-01
    0.4553183608E-01
    0.4595974635E-01
    0.4597036628E-01
    0.4658589780E-01
    0.4659505388E-01
    0.4702280981E-01
    0.4703019374E-01
    0.4756065237E-01
    0.4757127187E-01
    0.4811927013E-01
    0.4812842755E-01
    0.4864130527E-01
    0.4865045778E-01
    0.4918094848E-01
    0.4919156968E-01
    0.4980697893E-01
    0.4981466774E-01
    0.5024252148E-01
    0.5024990660E-01
    0.5086524249E-01
    0.5087586073E-01
    0.5140649815E-01
    0.5141388566E-01
    0.5192669003E-01
    0.5193730995E-01
    0.5246779303E-01
    0.5247694680E-01
    0.5319476532E-01
    0.5320361533E-01
    0.5363151798E-01
    0.5364390866E-01
    0.5425917120E-01
    0.5426832736E-01
    0.5469640880E-01
    0.5470525712E-01
    0.5532061747E-01
    0.5532977258E-01
    0.5594510847E-01
    0.5595395974E-01
    0.5638181349E-01
    0.5639243468E-01
    0.5700784393E-01
    0.5701699770E-01
    0.5752980207E-01
    0.5753865334E-01
    0.5815408705E-01
    0.5816470528E-01
    0.5861022092E-01
    0.5862084211E-01
    0.5862084211E-01
    0.5913362202E-01
    0.5914100488E-01
    0.5975653640E-01
    0.5976715759E-01
    0.6038242013E-01
    0.6039127140E-01
    0.6090412467E-01
    0.6091474417E-01
    0.6153000671E-01
    0.6154062959E-01
    0.6205350731E-01
    0.6206058698E-01
    0.6267602069E-01
    0.6268663893E-01
    0.6311452895E-01
    0.6312337854E-01
    0.6363632962E-01
    0.6364695081E-01
    0.6426221335E-01
    0.6427283454E-01
    0.6478571226E-01
    0.6479456058E-01
    0.6549471300E-01
    0.6550533715E-01
    0.6612077086E-01
    0.6612961749E-01
    0.6664249521E-01
    0.6665311767E-01
    0.6726845356E-01
    0.6727730188E-01
    0.6768745245E-01
    0.6769630373E-01
    0.6831190860E-01
    0.6832252811E-01
    0.6893769283E-01
    0.6894654284E-01
    0.6945942056E-01
    0.6947004007E-01
    0.7025529404E-01
    0.7026561034E-01
    0.7067583427E-01
    0.7068468555E-01
    0.7130011925E-01
    0.7131073876E-01
    0.7192607465E-01
    0.7193492719E-01
    0.7253275554E-01
    0.7254306833E-01
    0.7305584824E-01
    0.7306647069E-01
    0.7357934842E-01
    0.7358819800E-01
    0.7428833018E-01
    0.7430041450E-01
    0.7491584821E-01
    0.7492292787E-01
    0.7533324962E-01
    0.7534387081E-01
    0.7604405951E-01
    0.7605614574E-01
    0.7656912127E-01
    0.7657620094E-01
    0.7708890750E-01
    0.7709952742E-01
    0.7769725796E-01
    0.7770757623E-01
    0.7822052731E-01
    0.7822937563E-01
    0.7892950781E-01
    0.7893982538E-01
    0.7945270311E-01
    0.7946332134E-01
    0.8006105188E-01
    0.8006959897E-01
    0.8058237888E-01
    0.8059300007E-01
    0.8119084525E-01
    0.8120262426E-01
    0.8188515108E-01
    0.8189400404E-01
    0.8250941329E-01
    0.8251972692E-01
    0.8304123310E-01
    0.8305447639E-01
    0.8366679761E-01
    0.8367815943E-01
    0.8427313187E-01
    0.8428637813E-01
    0.8488102666E-01
    0.8489426895E-01
    0.8540446364E-01
    0.8541809998E-01
    0.8601307243E-01
    0.8602404415E-01
    0.8661869268E-01
    0.8663420788E-01
    0.8714457290E-01
    0.8715366614E-01
    0.8774863859E-01
    0.8776415342E-01
    0.8825674841E-01
    0.8826960061E-01
    0.8905099069E-01
    0.8906526936E-01
    0.8957557838E-01
    0.8958660417E-01
    0.9018126044E-01
    0.9019456800E-01
    0.9078932917E-01
    0.9080264289E-01
    0.9129542713E-01
    0.9130873215E-01
    0.9200543834E-01
    0.9201457259E-01
    0.9250720666E-01
    0.9252280429E-01
    0.9313515565E-01
    0.9314846337E-01
    0.9364113773E-01
    0.9365216083E-01
    0.9424689767E-01
    0.9426438252E-01
    0.9484154593E-01
    0.9485257263E-01
    0.9554938870E-01
    0.9556269635E-01
    0.9605537071E-01
    0.9606867962E-01
    0.9666341646E-01
    0.9667673054E-01
    0.9716936461E-01
    0.9718038815E-01
    0.9787724451E-01
    0.9789055269E-01
    0.9848532642E-01
    0.9849635215E-01
    0.9898902651E-01
    0.9900651143E-01
    0.9968573733E-01
    0.9969676141E-01
    0.1002915511E+00
    0.1003048600E+00
    0.1008996337E+00
    0.1009106620E+00
    0.1014033565E+00
    0.1014166659E+00
    0.1020113465E+00
    0.1020223710E+00
    0.1025150655E+00
    0.1025306584E+00
    0.1031253147E+00
    0.1031515418E+00
    0.1038132303E+00
    0.1038375659E+00
    0.1050270563E+00
    0.1050532834E+00
    0.1061405939E+00
    0.1061649278E+00
    0.1072524967E+00
    0.1072787198E+00
    0.1085351377E+00
    0.1085613631E+00
    0.1096487709E+00
    0.1096731081E+00
    0.1108450486E+00
    0.1108731656E+00
    0.1120452119E+00
    0.1120695474E+00
    0.1131393046E+00
    0.1131632481E+00
    0.1143351241E+00
    0.1143632393E+00
    0.1155353098E+00
    0.1155596454E+00
    0.1166293254E+00
    0.1166813840E+00
    0.1191097751E+00
    0.1212670811E+00
    0.1213130749E+00
    0.1236393264E+00
    0.1236913874E+00
    0.1258311763E+00
    0.1258813413E+00
    0.1282250897E+00
    0.1282752587E+00
    0.1305171302E+00
    0.1305672956E+00
    0.1328936040E+00
    0.1329456644E+00
    0.1351874880E+00
    0.1352376586E+00
    0.1375637397E+00
    0.1376116211E+00
    0.1421798212E+00
    0.1422318815E+00
    0.1422839381E+00
    0.1466478554E+00
    0.1466961323E+00
    0.1467481922E+00
    0.1514007923E+00
    0.1514505675E+00
    0.1514984561E+00
    0.1557780791E+00
    0.1558301340E+00
    0.1558799124E+00
    0.1559798530E+00
    0.1605303378E+00
    0.1606298876E+00
    0.1652824349E+00
    0.1653823785E+00
    0.1697463034E+00
    0.1698458536E+00
    0.1742942961E+00
    0.1743938466E+00
    0.1789268142E+00
    0.1790263666E+00
    0.1834749023E+00
    0.1835744499E+00
    0.1880229494E+00
    0.1881221109E+00
    0.1925704561E+00
    0.1926718914E+00
    0.1971029265E+00
    0.1972001966E+00
    0.2016484889E+00
    0.2017476449E+00
    0.2062632455E+00
    0.2063624033E+00
    0.2108950999E+00
    0.2109923661E+00
    0.2152368170E+00
    0.2153355853E+00
    0.2198510357E+00
    0.2199482988E+00
    0.2244636687E+00
    0.2245647150E+00
    0.2288091660E+00
    0.2289056464E+00
    0.2334159232E+00
    0.2357268095E+00
    0.2379788933E+00
    0.2402989118E+00
    0.2425001929E+00
    0.2447576998E+00
    0.2469589345E+00
    0.2492163611E+00
    0.2515106864E+00
    0.2537680853E+00
    0.2559184645E+00
    0.2582827898E+00
    0.2604840144E+00
    0.2626880384E+00
    0.2648383389E+00
    0.2671399790E+00
    0.2693833723E+00
    0.2716408030E+00
    0.2738333006E+00
    0.2760815550E+00
    0.2782739964E+00
    0.2805757192E+00
    0.2827172787E+00
    0.2849212390E+00
    0.2872266543E+00
    0.2883198590E+00
    0.2917163687E+00
    0.2928140017E+00
    0.2961318685E+00
    0.2972505788E+00
    0.3006334910E+00
    0.3017266904E+00
    0.3050445069E+00
    0.3061632152E+00
    0.3095460431E+00
    0.3106647422E+00
    0.3139036683E+00
    0.3149968849E+00
    0.3183010693E+00
    0.3193942780E+00
    0.3227772119E+00
    0.3238704297E+00
    0.3271092654E+00
    0.3282235663E+00
    0.3315277477E+00
    0.3325954941E+00
    0.3358995723E+00
    0.3370138733E+00
    0.3403180012E+00
    0.3414068511E+00
    0.3446974223E+00
    0.3457651648E+00
    0.3490693556E+00
    0.3501836869E+00
    0.3534089092E+00
    0.3544977055E+00
    0.3578672075E+00
    0.3589560655E+00
    0.3621025285E+00
    0.3631658799E+00
    0.3664564135E+00
    0.3675452229E+00
    0.3708357941E+00
    0.3719668540E+00
    0.3751921700E+00
    0.3762555365E+00
    0.3794672109E+00
    0.3805771006E+00
    0.3837888224E+00
    0.3848267116E+00
    0.3881173139E+00
    0.3892017453E+00
    0.3924134198E+00
    0.3934767812E+00
    0.3966885244E+00
    0.3977940715E+00
    0.4010574412E+00
    0.4021418778E+00
    0.4053536994E+00
    0.4064126606E+00
    0.4096243445E+00
    0.4106833027E+00
    0.4139602106E+00
    0.4150446603E+00
    0.4181775695E+00
    0.4192576444E+00
    0.4224558400E+00
    0.4235148103E+00
    0.4268570497E+00
    0.4279116331E+00
    0.4310443808E+00
    0.4320993035E+00
    0.4353014277E+00
    0.4363984187E+00
    0.4396140791E+00
    0.4406689824E+00
    0.4439228354E+00
    0.4458420534E+00
    0.4480196722E+00
    0.4500899468E+00
    0.4521858995E+00
    0.4543634971E+00
    0.4564175146E+00
    0.4585414340E+00
    0.4606286906E+00
    0.4628414957E+00
    0.4649374184E+00
    0.4671150690E+00
    0.4692023487E+00
    0.4713170426E+00
    0.4733204087E+00
    0.4755332455E+00
    0.4775785888E+00
    0.4796487581E+00
    0.4816940403E+00
    0.4838087415E+00
    0.4858453399E+00
    0.4880581799E+00
    0.4901541338E+00
    0.4922688256E+00
    0.4943473569E+00
    0.4964620435E+00
    0.4985073740E+00
    0.5006665105E+00
    0.5026611402E+00
    0.5047758032E+00
    0.5068543236E+00
    0.5089281917E+00
    0.5109176680E+00
    0.5130412321E+00
    0.5152057059E+00
    0.5171864907E+00
    0.5193509519E+00
    0.5212898788E+00
    0.5234005147E+00
    0.5255261219E+00
    0.5276416270E+00
    0.5296175380E+00
    0.5316884037E+00
    0.5337563974E+00
    0.5359165250E+00
    0.5378924200E+00
    0.5400079234E+00
    0.5420254793E+00
    0.5441409851E+00
    0.5461169628E+00
    0.5481785470E+00
    0.5501961228E+00
    0.5523562717E+00
    0.5543234779E+00
    0.5563850331E+00
    0.5584026571E+00
    0.5605628510E+00
    0.5625387682E+00
    0.5646069515E+00
    0.5666105885E+00
    0.5687220752E+00
    0.5706927227E+00
    0.5727500281E+00
    0.5765751253E+00
    0.5767437243E+00
    0.5769130586E+00
    0.5809007931E+00
    0.5810686497E+00
    0.5848906997E+00
    0.5850514010E+00
    0.5889389750E+00
    0.5891111496E+00
    0.5931988541E+00
    0.5933595590E+00
    0.5971643719E+00
    0.5973335001E+00
    0.6011375923E+00
    0.6013026782E+00
    0.6051066944E+00
    0.6052797176E+00
    0.6091665331E+00
    0.6093308740E+00
    0.6131461966E+00
    0.6133299342E+00
    0.6171976883E+00
    0.6173806041E+00
    0.6213306960E+00
    0.6215144395E+00
    0.6252003189E+00
    0.6253832307E+00
    0.6292510378E+00
    0.6294387792E+00
    0.6332892911E+00
    0.6334695590E+00
    0.6373535939E+00
    0.6375414257E+00
    0.6413910472E+00
    0.6415748502E+00
    0.6452428100E+00
    0.6454217626E+00
    0.6491980446E+00
    0.6494003256E+00
    0.6531492944E+00
    0.6533559966E+00
    0.6571867693E+00
    0.6573739498E+00
    0.6610239321E+00
    0.6612306250E+00
    0.6650613151E+00
    0.6652655582E+00
    0.6689955395E+00
    0.6691944236E+00
    0.6730232652E+00
    0.6766711356E+00
    0.6768798870E+00
    0.6805995632E+00
    0.6808212829E+00
    0.6846311110E+00
    0.6848528339E+00
    0.6886458848E+00
    0.6888627217E+00
    0.6922958187E+00
    0.6925057825E+00
    0.6962988703E+00
    0.6965209940E+00
    0.7002313149E+00
    0.7004531150E+00
    0.7042449616E+00
    0.7044628833E+00
    0.7079934655E+00
    0.7082103723E+00
    0.7119898218E+00
    0.7122298216E+00
    0.7158071201E+00
    0.7160471270E+00
    0.7196413142E+00
    0.7198707240E+00
    0.7235459842E+00
    0.7237863678E+00
    0.7272814559E+00
    0.7275162183E+00
    0.7311902940E+00
    0.7314197355E+00
    0.7318903734E+00
    0.7353232596E+00
    0.7387267221E+00
    0.7392427242E+00
    0.7425358151E+00
    0.7430387513E+00
    0.7464328923E+00
    0.7469516273E+00
    0.7502552937E+00
    0.7507625217E+00
    0.7541410724E+00
    0.7546483104E+00
    0.7579520113E+00
    0.7584453630E+00
    0.7616450227E+00
    0.7621968941E+00
    0.7654527867E+00
    0.7659658357E+00
    0.7693058150E+00
    0.7698631427E+00
    0.7730396249E+00
    0.7735846100E+00
    0.7769245893E+00
    0.7774670069E+00
    0.7807175742E+00
    0.7812599930E+00
    0.7844811871E+00
    0.7850558972E+00
    0.7882689375E+00
    0.7888356815E+00
    0.7920486555E+00
    0.7926126450E+00
    0.7958256842E+00
    0.7964215866E+00
    0.7995462462E+00
    0.8001102456E+00
    0.8032643277E+00
    0.8039070104E+00
    0.8069648081E+00
    0.8075777617E+00
    0.8107221121E+00
    0.8113855062E+00
    0.8145150490E+00
    0.8151458555E+00
    0.8181171760E+00
    0.8187479581E+00
    0.8219342873E+00
    0.8225948437E+00
    0.8255246552E+00
    0.8261949367E+00
    0.8293659083E+00
    0.8300663626E+00
    0.8307288258E+00
    0.8336586378E+00
    0.8343479830E+00
    0.8374336742E+00
    0.8380949277E+00
    0.8410887184E+00
    0.8417953363E+00
    0.8447594986E+00
    0.8454661167E+00
    0.8485144527E+00
    0.8492210539E+00
    0.8522548246E+00
    0.8529681791E+00
    0.8558411610E+00
    0.8565716420E+00
    0.8596120167E+00
    0.8603549925E+00
    0.8631994552E+00
    0.8639212964E+00
    0.8667658097E+00
    0.8674876697E+00
    0.8704154025E+00
    0.8711656149E+00
    0.8741532267E+00
    0.8749287289E+00
    0.8777380129E+00
    0.8784951468E+00
    0.8814403950E+00
    0.8822159009E+00
    0.8850251988E+00
    0.8857856917E+00
    0.8885732450E+00
    0.8893788260E+00
    0.8923287629E+00
    0.8930980748E+00
    0.8957909031E+00
    0.8966025868E+00
    0.8994437298E+00
    0.9002321801E+00
    0.9030591815E+00
    0.9038743774E+00
    0.9066265054E+00
    0.9074228554E+00
    0.9101735915E+00
    0.9110214050E+00
    0.9138263461E+00
    0.9146499417E+00
    0.9173747044E+00
    0.9181817188E+00
    0.9210305183E+00
    0.9218826621E+00
    0.9245991301E+00
    0.9254268001E+00
    0.9280614314E+00
    0.9289202516E+00
    0.9317406906E+00
    0.9325742230E+00
    0.9351848383E+00
    0.9360678625E+00
    0.9387353420E+00
    0.9395772056E+00
    0.9421793577E+00
    0.9430423777E+00
    0.9458457354E+00
    0.9467834347E+00
    0.9493212189E+00
    0.9502365176E+00
    0.9528517442E+00
    0.9537446094E+00
    0.9564237189E+00
    0.9590389531E+00
    0.9599467380E+00
    0.9624668642E+00
    0.9634004293E+00
    0.9660313022E+00
    0.9669621739E+00
    0.9694573698E+00
    0.9704068594E+00
    0.9729520049E+00
    0.9739112488E+00
    0.9764064481E+00
    0.9773373227E+00
    0.9782997527E+00
    0.9807856253E+00
    0.9817844515E+00
    0.9826637921E+00
    0.9830917703E+00
    0.9834591703E+00
    0.9838969028E+00
    0.9843124765E+00
    0.9847451085E+00
    0.9851039070E+00
    0.9855977106E+00
    0.9859175754E+00
    0.9863542045E+00
    0.9867130424E+00
    0.9870923619E+00
    0.9874982571E+00
    0.9879920606E+00
    0.9883508255E+00
    0.9888347752E+00
    0.9891855084E+00
    0.9895648279E+00
    0.9899236590E+00
    0.9903029390E+00
    0.9906146734E+00
    0.9909465837E+00
    0.9912551341E+00
    0.9916405293E+00
    0.9918618332E+00
    0.9921890849E+00
    0.9925329106E+00
    0.9929665196E+00
    0.9932260310E+00
    0.9934950963E+00
    0.9938007474E+00
    0.9941279090E+00
    0.9943412739E+00
    0.9946103392E+00
    0.9948236382E+00
    0.9951508483E+00
    0.9954103312E+00
    0.9956311674E+00
    0.9958445322E+00
    0.9961717909E+00
    0.9964312572E+00
    0.9966420889E+00
    0.9967711222E+00
    0.9970401875E+00
    0.9972073775E+00
    0.9973700370E+00
    0.9975833690E+00
    0.9977942493E+00
    0.9979694168E+00
    0.9981802569E+00
    0.9983013127E+00
    0.9984158387E+00
    0.9985066580E+00
    0.9986593131E+00
    0.9987803303E+00
    0.9989429757E+00
    0.9990720024E+00
    0.9992346202E+00
    0.9993174256E+00
    0.9993155815E+00
    0.9994366692E+00
    0.9995411505E+00
    0.9995857972E+00
    0.9996903118E+00
    0.9996888494E+00
    0.9997932822E+00
    0.9998760976E+00
    0.9998160628E+00
    0.9998528407E+00
    0.9999091484E+00
    0.9999537190E+00
    0.1000000000E+01
    0.0000000000E+00
    0.2301400326E-05
    0.1057751276E-02
    0.1059637486E-02
    0.1820808785E-02
    0.1822882689E-02
    0.2878489229E-02
    0.2880375438E-02
    0.3745752738E-02
    0.3748054030E-02
    0.4785691046E-02
    0.4787991943E-02
    0.5757435664E-02
    0.5759282938E-02
    0.6710847878E-02
    0.6712960898E-02
    0.7578379299E-02
    0.7580226768E-02
    0.8617856046E-02
    0.8620344802E-02
    0.9485515797E-02
    0.9487402006E-02
    0.1043896695E-01
    0.1044104123E-01
    0.1139252397E-01
    0.1139482490E-01
    0.1234630764E-01
    0.1234815477E-01
    0.1321344987E-01
    0.1321556321E-01
    0.1435736513E-01
    0.1435940004E-01
    0.1520683344E-01
    0.1520871980E-01
    0.1616036694E-01
    0.1616262908E-01
    0.1711394741E-01
    0.1711583362E-01
    0.1806732410E-01
    0.1806935912E-01
    0.1891687473E-01
    0.1891898775E-01
    0.1987047048E-01
    0.1987250581E-01
    0.2081779028E-01
    0.2082450816E-01
    0.2177149508E-01
    0.2177747711E-01
    0.2270652590E-01
    0.2271458583E-01
    0.2366150716E-01
    0.2366688124E-01
    0.2451005569E-01
    0.2451738204E-01
    0.2546422156E-01
    0.2546959530E-01
    0.2631291714E-01
    0.2632024349E-01
    0.2735272736E-01
    0.2735931786E-01
    0.2811691356E-01
    0.2812363144E-01
    0.2915615621E-01
    0.2916213835E-01
    0.3009110454E-01
    0.3009782184E-01
    0.3104476787E-01
    0.3105135895E-01
    0.3189463219E-01
    0.3190195854E-01
    0.3284888756E-01
    0.3285425155E-01
    0.3378328422E-01
    0.3379064463E-01
    0.3471957850E-01
    0.3472485286E-01
    0.3556806357E-01
    0.3557542468E-01
    0.3652230456E-01
    0.3652892796E-01
    0.3737220506E-01
    0.3737834403E-01
    0.3820361643E-01
    0.3820950206E-01
    0.3924215451E-01
    0.3924890416E-01
    0.4009199218E-01
    0.4009861575E-01
    0.4102773022E-01
    0.4103361457E-01
    0.4187686618E-01
    0.4188361700E-01
    0.4281255087E-01
    0.4281843505E-01
    0.4374763131E-01
    0.4375438184E-01
    0.4459746985E-01
    0.4460335421E-01
    0.4553236988E-01
    0.4553973215E-01
    0.4636508715E-01
    0.4637035976E-01
    0.4731724814E-01
    0.4732461158E-01
    0.4815008927E-01
    0.4815597222E-01
    0.4899918293E-01
    0.4900445729E-01
    0.4993337496E-01
    0.4994073666E-01
    0.5086982642E-01
    0.5087510078E-01
    0.5161457672E-01
    0.5162119837E-01
    0.5244683966E-01
    0.5245346306E-01
    0.5338223334E-01
    0.5338750682E-01
    0.5423093902E-01
    0.5423756213E-01
    0.5516649600E-01
    0.5517176948E-01
    0.5591156491E-01
    0.5591818849E-01
    0.5674329729E-01
    0.5674979398E-01
    0.5767888374E-01
    0.5768415617E-01
    0.5850951887E-01
    0.5851614303E-01
    0.5933658126E-01
    0.5934648901E-01
    0.6027101611E-01
    0.6027989722E-01
    0.6101596379E-01
    0.6102711352E-01
    0.6184856672E-01
    0.6185950603E-01
    0.6269848369E-01
    0.6270860629E-01
    0.6351219252E-01
    0.6352210175E-01
    0.6434371775E-01
    0.6435362598E-01
    0.6519260365E-01
    0.6520272714E-01
    0.6602409894E-01
    0.6603379391E-01
    0.6675203420E-01
    0.6676194363E-01
    0.6768660973E-01
    0.6769673263E-01
    0.6851794930E-01
    0.6852784764E-01
    0.6924608396E-01
    0.6925379518E-01
    0.7009289352E-01
    0.7010519579E-01
    0.7092641237E-01
    0.7093516059E-01
    0.7173883101E-01
    0.7174779937E-01
    0.7258671802E-01
    0.7259797958E-01
    0.7331621590E-01
    0.7332600583E-01
    0.7414728002E-01
    0.7415624838E-01
    0.7497752257E-01
    0.7498627178E-01
    0.7570458949E-01
    0.7571459683E-01
    0.7645033096E-01
    0.7646033732E-01
    0.7728163185E-01
    0.7729038280E-01
    0.7809395491E-01
    0.7810396226E-01
    0.7883998204E-01
    0.7884998576E-01
    0.7956814070E-01
    0.7957689338E-01
    0.8048358474E-01
    0.8049233416E-01
    0.8112509227E-01
    0.8113405968E-01
    0.8195541525E-01
    0.8196646133E-01
    0.8278769826E-01
    0.8279644846E-01
    0.8351472205E-01
    0.8352368867E-01
    0.8424184361E-01
    0.8425163269E-01
    0.8496993006E-01
    0.8497868100E-01
    0.8579989415E-01
    0.8580760567E-01
    0.8652584199E-01
    0.8653584834E-01
    0.8725402363E-01
    0.8726277557E-01
    0.8789565575E-01
    0.8790440496E-01
    0.8870797708E-01
    0.8871672867E-01
    0.8943484714E-01
    0.8944485186E-01
    0.9007782612E-01
    0.9008532186E-01
    0.9088881259E-01
    0.9089756428E-01
    0.9161580060E-01
    0.9162454907E-01
    0.9236050781E-01
    0.9236925876E-01
    0.9298426987E-01
    0.9299301982E-01
    0.9379651055E-01
    0.9380422371E-01
    0.9443724712E-01
    0.9444703705E-01
    0.9506212955E-01
    0.9506962310E-01
    0.9597628223E-01
    0.9598399539E-01
    0.9651366649E-01
    0.9652471161E-01
    0.9724315643E-01
    0.9725065044E-01
    0.9778024015E-01
    0.9778795137E-01
    0.9859152348E-01
    0.9859901749E-01
    0.9921423286E-01
    0.9922402329E-01
    0.9995990065E-01
    0.9996635472E-01
    0.1005779990E+00
    0.1005920342E+00
    0.1013915847E+00
    0.1014035552E+00
    0.1019307756E+00
    0.1019398274E+00
    0.1025518714E+00
    0.1025641450E+00
    0.1034663090E+00
    0.1034753617E+00
    0.1040026994E+00
    0.1040146668E+00
    0.1046266501E+00
    0.1046406867E+00
    0.1052528404E+00
    0.1052618929E+00
    0.1059765707E+00
    0.1059870824E+00
    0.1065992564E+00
    0.1066112255E+00
    0.1072232988E+00
    0.1072323960E+00
    0.1078619777E+00
    0.1078725390E+00
    0.1084847666E+00
    0.1084953316E+00
    0.1091923639E+00
    0.1092064657E+00
    0.1097334669E+00
    0.1097440303E+00
    0.1103561162E+00
    0.1103666801E+00
    0.1108937379E+00
    0.1109028344E+00
    0.1115999722E+00
    0.1116105366E+00
    0.1122224235E+00
    0.1122326812E+00
    0.1128625226E+00
    0.1128716186E+00
    0.1134836067E+00
    0.1134941726E+00
    0.1141062383E+00
    0.1141171040E+00
    0.1146267065E+00
    0.1146372706E+00
    0.1152491777E+00
    0.1152612034E+00
    0.1158733501E+00
    0.1158824492E+00
    0.1164095069E+00
    0.1164182996E+00
    0.1169279223E+00
    0.1169384847E+00
    0.1174655795E+00
    0.1174746776E+00
    0.1180868040E+00
    0.1180955963E+00
    0.1188950184E+00
    0.1189055827E+00
    0.1193302143E+00
    0.1193407759E+00
    0.1199527640E+00
    0.1199615577E+00
    0.1204710792E+00
    0.1204834122E+00
    0.1210105879E+00
    0.1210196863E+00
    0.1215291470E+00
    0.1215379383E+00
    0.1221500479E+00
    0.1221591467E+00
    0.1225837176E+00
    0.1225925103E+00
    0.1232046570E+00
    0.1232152196E+00
    0.1238095298E+00
    0.1238168570E+00
    0.1243440733E+00
    0.1243543321E+00
    0.1248637321E+00
    0.1248742953E+00
    0.1254014948E+00
    0.1254088206E+00
    0.1259183017E+00
    0.1259288661E+00
    0.1264383269E+00
    0.1264456552E+00
    0.1269728310E+00
    0.1269816247E+00
    0.1274911462E+00
    0.1275017089E+00
    0.1279262798E+00
    0.1279336081E+00
    0.1284431499E+00
    0.1284519411E+00
    0.1291665139E+00
    0.1291753076E+00
    0.1291753076E+00
    0.1295998582E+00
    0.1296089533E+00
    0.1301185760E+00
    0.1301273697E+00
    0.1306367698E+00
    0.1306440981E+00
    0.1310687095E+00
    0.1310775018E+00
    0.1315869018E+00
    0.1315956969E+00
    0.1320203286E+00
    0.1320261901E+00
    0.1325357319E+00
    0.1325445231E+00
    0.1330716053E+00
    0.1330789322E+00
    0.1335036246E+00
    0.1335124183E+00
    0.1340218184E+00
    0.1340306121E+00
    0.1344552437E+00
    0.1344625696E+00
    0.1348694381E+00
    0.1348782342E+00
    0.1353877760E+00
    0.1353951005E+00
    0.1358197321E+00
    0.1358285269E+00
    0.1363379877E+00
    0.1363453135E+00
    0.1366848933E+00
    0.1366922216E+00
    0.1372019051E+00
    0.1372106974E+00
    0.1377200165E+00
    0.1377273438E+00
    0.1381519754E+00
    0.1381607677E+00
    0.1384651975E+00
    0.1384707563E+00
    0.1388103969E+00
    0.1388177252E+00
    0.1393272670E+00
    0.1393360593E+00
    0.1398455200E+00
    0.1398528494E+00
    0.1401748762E+00
    0.1401804306E+00
    0.1406049813E+00
    0.1406137761E+00
    0.1410384077E+00
    0.1410457346E+00
    0.1414526276E+00
    0.1414596481E+00
    0.1419691898E+00
    0.1419750514E+00
    0.1423147729E+00
    0.1423235666E+00
    0.1427303415E+00
    0.1427373657E+00
    0.1431620783E+00
    0.1431679399E+00
    0.1435924298E+00
    0.1436012224E+00
    0.1439231682E+00
    0.1439287272E+00
    0.1443534196E+00
    0.1443607455E+00
    0.1447676385E+00
    0.1447731983E+00
    0.1451978300E+00
    0.1452066212E+00
    0.1455285670E+00
    0.1455326596E+00
    0.1459572102E+00
    0.1459660039E+00
    0.1462882095E+00
    0.1462919948E+00
    0.1465113727E+00
    0.1465187024E+00
    0.1470282239E+00
    0.1470337791E+00
    0.1472697484E+00
    0.1472768839E+00
    0.1477838488E+00
    0.1477932556E+00
    0.1481137651E+00
    0.1481209004E+00
    0.1484413058E+00
    0.1484484414E+00
    0.1488708516E+00
    0.1488821417E+00
    0.1492026512E+00
    0.1492079033E+00
    0.1495283086E+00
    0.1495373261E+00
    0.1499598773E+00
    0.1499674060E+00
    0.1502879155E+00
    0.1502969290E+00
    0.1505328402E+00
    0.1505358210E+00
    0.1508385814E+00
    0.1508498936E+00
    0.1512723985E+00
    0.1512776765E+00
    0.1515981071E+00
    0.1516052779E+00
    0.1519256314E+00
    0.1519328036E+00
    0.1521688904E+00
    0.1521760609E+00
    0.1525808187E+00
    0.1525883813E+00
    0.1528243027E+00
    0.1528333640E+00
    0.1533403538E+00
    0.1533475211E+00
    0.1535833938E+00
    0.1535886751E+00
    0.1539090084E+00
    0.1539157870E+00
    0.1540496619E+00
    0.1540549388E+00
    0.1544599105E+00
    0.1544670823E+00
    0.1547029551E+00
    0.1547101242E+00
    0.1550304576E+00
    0.1550376282E+00
    0.1552735497E+00
    0.1552788303E+00
    0.1556837534E+00
    0.1556909201E+00
    0.1560114070E+00
    0.1560166895E+00
    0.1562525623E+00
    0.1562593364E+00
    0.1564776718E+00
    0.1564829529E+00
    0.1568033710E+00
    0.1568105402E+00
    0.1571310271E+00
    0.1571363098E+00
    0.1573721583E+00
    0.1573793269E+00
    0.1576997777E+00
    0.1577050582E+00
    0.1579409067E+00
    0.1579499660E+00
    0.1582703966E+00
    0.1582805625E+00
    0.1583123464E+00
    0.1583247970E+00
    0.1589656415E+00
    0.1589758074E+00
    0.1595321352E+00
    0.1595445843E+00
    0.1601007980E+00
    0.1601109643E+00
    0.1604632393E+00
    0.1604734038E+00
    0.1610298122E+00
    0.1610422641E+00
    0.1614964237E+00
    0.1615043035E+00
    0.1619586327E+00
    0.1619710832E+00
    0.1623409282E+00
    0.1623492035E+00
    0.1628033916E+00
    0.1628112736E+00
    0.1632656229E+00
    0.1632780734E+00
    0.1636478136E+00
    0.1636639698E+00
    0.1644705135E+00
    0.1653965966E+00
    0.1654154304E+00
    0.1661374086E+00
    0.1661535697E+00
    0.1668930769E+00
    0.1669115171E+00
    0.1678200955E+00
    0.1678385353E+00
    0.1686624787E+00
    0.1686809183E+00
    0.1694030258E+00
    0.1694191844E+00
    0.1702433342E+00
    0.1702617753E+00
    0.1709836126E+00
    0.1710001621E+00
    0.1725461886E+00
    0.1725623473E+00
    0.1725785028E+00
    0.1739556007E+00
    0.1739763247E+00
    0.1739924838E+00
    0.1754365209E+00
    0.1754507876E+00
    0.1754673394E+00
    0.1769465963E+00
    0.1769627504E+00
    0.1769770198E+00
    0.1770097260E+00
    0.1783692178E+00
    0.1783977506E+00
    0.1798417030E+00
    0.1798744089E+00
    0.1812513491E+00
    0.1812798814E+00
    0.1825548883E+00
    0.1825834235E+00
    0.1837563395E+00
    0.1837848735E+00
    0.1850599166E+00
    0.1850884476E+00
    0.1863635837E+00
    0.1863879444E+00
    0.1876628708E+00
    0.1876891185E+00
    0.1887777636E+00
    0.1888044089E+00
    0.1900792505E+00
    0.1901036057E+00
    0.1910901111E+00
    0.1911144686E+00
    0.1922873652E+00
    0.1923140073E+00
    0.1934200806E+00
    0.1934402676E+00
    0.1944266077E+00
    0.1944532492E+00
    0.1954396865E+00
    0.1954617597E+00
    0.1965678330E+00
    0.1965861267E+00
    0.1973862415E+00
    0.1978584502E+00
    0.1983504374E+00
    0.1989204131E+00
    0.1993702978E+00
    0.1997983117E+00
    0.2002481784E+00
    0.2006762116E+00
    0.2011173270E+00
    0.2015453158E+00
    0.2019529955E+00
    0.2024695344E+00
    0.2029194132E+00
    0.2033032538E+00
    0.2037109296E+00
    0.2040854702E+00
    0.2044844170E+00
    0.2049124322E+00
    0.2052692405E+00
    0.2055995809E+00
    0.2059564449E+00
    0.2063310540E+00
    0.2066456886E+00
    0.2070294764E+00
    0.2073985493E+00
    0.2075306154E+00
    0.2080833216E+00
    0.2082619582E+00
    0.2087495210E+00
    0.2089026941E+00
    0.2093113111E+00
    0.2094433217E+00
    0.2099308113E+00
    0.2100839929E+00
    0.2104926352E+00
    0.2106457785E+00
    0.2110679833E+00
    0.2111999979E+00
    0.2115433063E+00
    0.2116753860E+00
    0.2120839577E+00
    0.2122160142E+00
    0.2126382709E+00
    0.2127448380E+00
    0.2130882073E+00
    0.2131991341E+00
    0.2135425131E+00
    0.2136490802E+00
    0.2139923418E+00
    0.2140778166E+00
    0.2142770546E+00
    0.2143880294E+00
    0.2147314064E+00
    0.2148379987E+00
    0.2151160898E+00
    0.2152015303E+00
    0.2154660232E+00
    0.2155514944E+00
    0.2157642190E+00
    0.2158286030E+00
    0.2160278099E+00
    0.2161132716E+00
    0.2163125096E+00
    0.2163470518E+00
    0.2166251254E+00
    0.2166894911E+00
    0.2168233757E+00
    0.2168833763E+00
    0.2170173951E+00
    0.2170606877E+00
    0.2172598881E+00
    0.2172987494E+00
    0.2174326340E+00
    0.2174970058E+00
    0.2176308839E+00
    0.2176443031E+00
    0.2175552941E+00
    0.2175942109E+00
    0.2177281856E+00
    0.2177459591E+00
    0.2178798514E+00
    0.2178976532E+00
    0.2179527476E+00
    0.2179916239E+00
    0.2180602640E+00
    0.2180526040E+00
    0.2180423710E+00
    0.2180601519E+00
    0.2180363473E+00
    0.2180075819E+00
    0.2179320331E+00
    0.2179497449E+00
    0.2179394610E+00
    0.2179064297E+00
    0.2180405063E+00
    0.2180582632E+00
    0.2178247231E+00
    0.2177847278E+00
    0.2177778038E+00
    0.2176819406E+00
    0.2176247285E+00
    0.2176178301E+00
    0.2176113112E+00
    0.2175598627E+00
    0.2174100581E+00
    0.2172512909E+00
    0.2171941151E+00
    0.2171871527E+00
    0.2170373265E+00
    0.2168877737E+00
    0.2168393796E+00
    0.2166805740E+00
    0.2165813993E+00
    0.2164855784E+00
    0.2163864345E+00
    0.2162368663E+00
    0.2160452011E+00
    0.2158863982E+00
    0.2158292277E+00
    0.2156797164E+00
    0.2154372748E+00
    0.2152877699E+00
    0.2151886966E+00
    0.2149854196E+00
    0.2148443589E+00
    0.2146947913E+00
    0.2144524119E+00
    0.2142579521E+00
    0.2141172767E+00
    0.2139174310E+00
    0.2137136782E+00
    0.2134806372E+00
    0.2132769388E+00
    0.2130944116E+00
    0.2128461167E+00
    0.2126466663E+00
    0.2123977556E+00
    0.2121652935E+00
    0.2119703873E+00
    0.2117292341E+00
    0.2114264242E+00
    0.2111939386E+00
    0.2109450266E+00
    0.2106622253E+00
    0.2104134020E+00
    0.2101809848E+00
    0.2098874744E+00
    0.2096046491E+00
    0.2093018135E+00
    0.2089772548E+00
    0.2086836878E+00
    0.2084008012E+00
    0.2080980029E+00
    0.2078655762E+00
    0.2075718961E+00
    0.2071979780E+00
    0.2068496378E+00
    0.2066177751E+00
    0.2062246957E+00
    0.2055884340E+00
    0.2055606128E+00
    0.2055406940E+00
    0.2047964724E+00
    0.2047607648E+00
    0.2042164900E+00
    0.2041894175E+00
    0.2033624098E+00
    0.2033302772E+00
    0.2026689051E+00
    0.2026418355E+00
    0.2019147880E+00
    0.2018789163E+00
    0.2011519163E+00
    0.2011203710E+00
    0.2003936296E+00
    0.2003613387E+00
    0.1995344232E+00
    0.1994949440E+00
    0.1987675243E+00
    0.1987324184E+00
    0.1979095580E+00
    0.1978656209E+00
    0.1969433117E+00
    0.1969082069E+00
    0.1961024646E+00
    0.1960585242E+00
    0.1952357677E+00
    0.1951958259E+00
    0.1941910705E+00
    0.1941518141E+00
    0.1935110483E+00
    0.1934620390E+00
    0.1924576617E+00
    0.1924135104E+00
    0.1914262080E+00
    0.1913780351E+00
    0.1904729964E+00
    0.1904244030E+00
    0.1895238851E+00
    0.1894699606E+00
    0.1884704732E+00
    0.1884183721E+00
    0.1874358995E+00
    0.1873819685E+00
    0.1863824127E+00
    0.1863234921E+00
    0.1852425650E+00
    0.1851890314E+00
    0.1841901038E+00
    0.1832080218E+00
    0.1831535511E+00
    0.1820781289E+00
    0.1820138816E+00
    0.1810197373E+00
    0.1809554762E+00
    0.1797815140E+00
    0.1797231447E+00
    0.1785829480E+00
    0.1785089551E+00
    0.1773349543E+00
    0.1772707429E+00
    0.1761953609E+00
    0.1761199833E+00
    0.1749463004E+00
    0.1748876385E+00
    0.1738293320E+00
    0.1737598644E+00
    0.1725922679E+00
    0.1725107068E+00
    0.1711806464E+00
    0.1710990874E+00
    0.1699479919E+00
    0.1698792211E+00
    0.1686301982E+00
    0.1685486889E+00
    0.1673169574E+00
    0.1672296695E+00
    0.1659810525E+00
    0.1659001908E+00
    0.1657373659E+00
    0.1645707090E+00
    0.1634160236E+00
    0.1632406529E+00
    0.1618448705E+00
    0.1616584445E+00
    0.1605049620E+00
    0.1603024777E+00
    0.1590741469E+00
    0.1588855594E+00
    0.1575667930E+00
    0.1573781949E+00
    0.1561498336E+00
    0.1559497378E+00
    0.1548235516E+00
    0.1546081328E+00
    0.1532281187E+00
    0.1530301102E+00
    0.1517263743E+00
    0.1515088338E+00
    0.1502205515E+00
    0.1500179185E+00
    0.1487141827E+00
    0.1484842772E+00
    0.1471065136E+00
    0.1468766084E+00
    0.1455129194E+00
    0.1452696167E+00
    0.1439077647E+00
    0.1436779021E+00
    0.1423161196E+00
    0.1420571125E+00
    0.1406952618E+00
    0.1404626546E+00
    0.1390276310E+00
    0.1387686100E+00
    0.1374360373E+00
    0.1371640692E+00
    0.1357596662E+00
    0.1354551981E+00
    0.1341224544E+00
    0.1338297021E+00
    0.1323389273E+00
    0.1320492155E+00
    0.1305733346E+00
    0.1302836522E+00
    0.1288795383E+00
    0.1285768497E+00
    0.1271215453E+00
    0.1267773944E+00
    0.1253780227E+00
    0.1250748021E+00
    0.1247402854E+00
    0.1232849804E+00
    0.1229565863E+00
    0.1214866076E+00
    0.1211584001E+00
    0.1196227397E+00
    0.1192599226E+00
    0.1177380504E+00
    0.1173752329E+00
    0.1159230493E+00
    0.1155602183E+00
    0.1139539854E+00
    0.1135879402E+00
    0.1120000564E+00
    0.1116133255E+00
    0.1101654401E+00
    0.1097839550E+00
    0.1082118644E+00
    0.1078128800E+00
    0.1062405972E+00
    0.1058416285E+00
    0.1043383675E+00
    0.1039532979E+00
    0.1023725581E+00
    0.1019319166E+00
    0.1003791957E+00
    0.9996070759E-01
    0.9824364709E-01
    0.9780303879E-01
    0.9625044077E-01
    0.9578734984E-01
    0.9408907138E-01
    0.9366253223E-01
    0.9210154931E-01
    0.9164437320E-01
    0.9004411608E-01
    0.8958291591E-01
    0.8796857332E-01
    0.8748820258E-01
    0.8572561313E-01
    0.8521770085E-01
    0.8354098520E-01
    0.8305582964E-01
    0.8138077553E-01
    0.8089905709E-01
    0.7930531983E-01
    0.7880351648E-01
    0.7714339633E-01
    0.7661679978E-01
    0.7480205616E-01
    0.7427077807E-01
    0.7261571159E-01
    0.7206420257E-01
    0.7034404820E-01
    0.6982081338E-01
    0.6802392875E-01
    0.6747979266E-01
    0.6577575921E-01
    0.6517599909E-01
    0.6339852527E-01
    0.6284895052E-01
    0.6115024646E-01
    0.6057520527E-01
    0.5878767708E-01
    0.5815072033E-01
    0.5634412272E-01
    0.5573416926E-01
    0.5399148734E-01
    0.5340862946E-01
    0.5158878863E-01
    0.4984609750E-01
    0.4918800883E-01
    0.4739395907E-01
    0.4677186737E-01
    0.4498495012E-01
    0.4432227290E-01
    0.4254596706E-01
    0.4180314615E-01
    0.3981196197E-01
    0.3917276947E-01
    0.3739658859E-01
    0.3673390799E-01
    0.3603715515E-01
    0.3426736330E-01
    0.3357653342E-01
    0.3300501040E-01
    0.3260228174E-01
    0.3225671870E-01
    0.3195669955E-01
    0.3165095361E-01
    0.3124269942E-01
    0.3090514719E-01
    0.3054186459E-01
    0.3025133719E-01
    0.2984063708E-01
    0.2950311737E-01
    0.2904496840E-01
    0.2874634312E-01
    0.2838306052E-01
    0.2804548042E-01
    0.2757744503E-01
    0.2715382320E-01
    0.2669567423E-01
    0.2635808273E-01
    0.2589998155E-01
    0.2552346309E-01
    0.2512257592E-01
    0.2474802363E-01
    0.2428253642E-01
    0.2392131002E-01
    0.2340768359E-01
    0.2299240480E-01
    0.2246868400E-01
    0.2206137707E-01
    0.2149949394E-01
    0.2113032301E-01
    0.2061662192E-01
    0.2017105282E-01
    0.1960916970E-01
    0.1916360172E-01
    0.1864994083E-01
    0.1824260107E-01
    0.1773885703E-01
    0.1729328793E-01
    0.1677966724E-01
    0.1637225804E-01
    0.1576216104E-01
    0.1532459585E-01
    0.1476271273E-01
    0.1427890440E-01
    0.1372707545E-01
    0.1328153480E-01
    0.1267147800E-01
    0.1227204426E-01
    0.1166203602E-01
    0.1114009624E-01
    0.1064640377E-01
    0.1025490450E-01
    0.9596722579E-02
    0.9074750926E-02
    0.8522840151E-02
    0.8085204574E-02
    0.7533341163E-02
    0.7057511321E-02
    0.6467471489E-02
    0.5945493210E-02
    0.5345496323E-02
    0.4915833726E-02
    0.4315782539E-02
    0.3847879599E-02
    0.3247842509E-02
    0.2772011721E-02
    0.2133805148E-02
    0.1619793224E-02
    0.1077981370E-02
    0.6482650677E-03
    0.1804585025E-15
        1175
    0.0000000000E+00
    0.1008121180E-03
    0.1010316041E-03
    0.1131743450E-04
    0.1105611028E-04
    0.1117870983E-03
    0.1120057817E-03
    0.2253887101E-04
    0.2253177815E-04
    0.1233449676E-03
    0.1233762159E-03
    0.3371073603E-04
    0.3370321244E-04
    0.4808470803E-04
    0.4811634255E-04
    0.4487908841E-04
    0.4487217386E-04
    0.5945570670E-04
    0.5967421181E-04
    0.5615618615E-04
    0.1569693760E-03
    0.1567749818E-03
    0.6720878581E-04
    0.6742746924E-04
    0.2544086639E-03
    0.2542140468E-03
    0.3549450343E-03
    0.3553896203E-03
    0.3699731536E-03
    0.3701915696E-03
    0.3666239012E-03
    0.3664296147E-03
    0.3810131481E-03
    0.3814187021E-03
    0.4822318914E-03
    0.4824502518E-03
    0.6693116115E-03
    0.6693432460E-03
    0.6160841523E-03
    0.5498675222E-03
    0.5500935993E-03
    0.7547892555E-03
    0.7548290691E-03
    0.8555857184E-03
    0.8561447798E-03
    0.9567200437E-03
    0.9567112058E-03
    0.1057406238E-02
    0.1057965220E-02
    0.1158721869E-02
    0.1158712830E-02
    0.1259337709E-02
    0.1260132540E-02
    0.1360889189E-02
    0.1360928834E-02
    0.1547784623E-02
    0.1548059519E-02
    0.1666577346E-02
    0.1667371738E-02
    0.1854227527E-02
    0.1853983279E-02
    0.1954579081E-02
    0.1955373553E-02
    0.2142188264E-02
    0.2142463263E-02
    0.2261080320E-02
    0.2261639605E-02
    0.2448495394E-02
    0.2448485789E-02
    0.2463061143E-02
    0.2463855942E-02
    0.2754753433E-02
    0.2755077308E-02
    0.2855813418E-02
    0.2856323716E-02
    0.3147084364E-02
    0.3147878836E-02
    0.3352475263E-02
    0.3352716615E-02
    0.3349448680E-02
    0.3349961486E-02
    0.3640896111E-02
    0.3641458251E-02
    0.3742172458E-02
    0.3742685569E-02
    0.3947320301E-02
    0.3947881943E-02
    0.4238734414E-02
    0.4239296658E-02
    0.4530132055E-02
    0.4530645110E-02
    0.4649269095E-02
    0.4649830907E-02
    0.4940674842E-02
    0.4941473119E-02
    0.5128346913E-02
    0.5128623493E-02
    0.5333348916E-02
    0.5334147034E-02
    0.5625011506E-02
    0.5625859198E-02
    0.5830523005E-02
    0.5831035947E-02
    0.6035971828E-02
    0.6036770763E-02
    0.6327623233E-02
    0.6328421726E-02
    0.6515175755E-02
    0.6515501101E-02
    0.6910376791E-02
    0.6911175453E-02
    0.7115827258E-02
    0.7116911551E-02
    0.7407945404E-02
    0.7408221768E-02
    0.7698975011E-02
    0.7700058703E-02
    0.8094913855E-02
    0.8095712291E-02
    0.8110287448E-02
    0.8111086279E-02
    0.8506259652E-02
    0.8506821431E-02
    0.8797574674E-02
    0.8798658695E-02
    0.9193493307E-02
    0.9194577712E-02
    0.9399315138E-02
    0.9399828080E-02
    0.9660334762E-02
    0.9662695666E-02
    0.1014139235E-01
    0.1014441361E-01
    0.1043378185E-01
    0.1043521107E-01
    0.1074264811E-01
    0.1074566934E-01
    0.1103487753E-01
    0.1103723850E-01
    0.1143023556E-01
    0.1143325817E-01
    0.1172291415E-01
    0.1172513790E-01
    0.1203227023E-01
    0.1203463242E-01
    0.1242764992E-01
    0.1243067086E-01
    0.1282368836E-01
    0.1282670885E-01
    0.1311609753E-01
    0.1311898275E-01
    0.1342627168E-01
    0.1342929034E-01
    0.1390795465E-01
    0.1391031669E-01
    0.1430340399E-01
    0.1430642525E-01
    0.1459589223E-01
    0.1459811750E-01
    0.1500886670E-01
    0.1501268436E-01
    0.1540549243E-01
    0.1540851185E-01
    0.1588730728E-01
    0.1589032967E-01
    0.1638694704E-01
    0.1639076267E-01
    0.1659437342E-01
    0.1659659914E-01
    0.1698963362E-01
    0.1699199383E-01
    0.1748842222E-01
    0.1749289927E-01
    0.1797169470E-01
    0.1797471488E-01
    0.1847139862E-01
    0.1847521567E-01
    0.1867885031E-01
    0.1868041655E-01
    0.1917692324E-01
    0.1918139768E-01
    0.1966001261E-01
    0.1966383090E-01
    0.2016041589E-01
    0.2016343591E-01
    0.2057442692E-01
    0.2057802150E-01
    0.2095305129E-01
    0.2095688755E-01
    0.2145349463E-01
    0.2145573031E-01
    0.2195197986E-01
    0.2195581434E-01
    0.2253801907E-01
    0.2254185539E-01
    0.2284908332E-01
    0.2285358058E-01
    0.2335018765E-01
    0.2335336206E-01
    0.2384975122E-01
    0.2385358532E-01
    0.2433236263E-01
    0.2433686096E-01
    0.2474765592E-01
    0.2475069180E-01
    0.2524739761E-01
    0.2525057096E-01
    0.2583255433E-01
    0.2583705187E-01
    0.2633360108E-01
    0.2633743657E-01
    0.2691967872E-01
    0.2692351473E-01
    0.2733437605E-01
    0.2733887292E-01
    0.2793890741E-01
    0.2794208090E-01
    0.2852419538E-01
    0.2852803125E-01
    0.2892101344E-01
    0.2892631072E-01
    0.2942293824E-01
    0.2942677456E-01
    0.3002684992E-01
    0.3002922252E-01
    0.3052559124E-01
    0.3053088901E-01
    0.3102729861E-01
    0.3103113432E-01
    0.3171696394E-01
    0.3172159924E-01
    0.3213245207E-01
    0.3213694932E-01
    0.3273692250E-01
    0.3274009560E-01
    0.3332240756E-01
    0.3332704286E-01
    0.3386333275E-01
    0.3387532152E-01
    0.3445167616E-01
    0.3446035476E-01
    0.3496965835E-01
    0.3497864797E-01
    0.3557284899E-01
    0.3558302906E-01
    0.3615970909E-01
    0.3617019882E-01
    0.3676437960E-01
    0.3677486790E-01
    0.3736904868E-01
    0.3738103674E-01
    0.3797525799E-01
    0.3798243689E-01
    0.3837159370E-01
    0.3838208343E-01
    0.3897624397E-01
    0.3898823132E-01
    0.3966724881E-01
    0.3967773782E-01
    0.4027191861E-01
    0.4028240833E-01
    0.4079175241E-01
    0.4080224071E-01
    0.4148127844E-01
    0.4149176709E-01
    0.4208594787E-01
    0.4209643689E-01
    0.4269061767E-01
    0.4270260466E-01
    0.4329682591E-01
    0.4330731600E-01
    0.4390157773E-01
    0.4391056806E-01
    0.4450474884E-01
    0.4451673726E-01
    0.4540073825E-01
    0.4541303834E-01
    0.4600715841E-01
    0.4601764742E-01
    0.4652705221E-01
    0.4653604218E-01
    0.4721499896E-01
    0.4722698773E-01
    0.4792362740E-01
    0.4793592369E-01
    0.4853008423E-01
    0.4854057289E-01
    0.4904993720E-01
    0.4906073688E-01
    0.4984239698E-01
    0.4985438576E-01
    0.5044860701E-01
    0.5045909531E-01
    0.5115568269E-01
    0.5116798177E-01
    0.5176216255E-01
    0.5177265228E-01
    0.5246935266E-01
    0.5248165311E-01
    0.5307581366E-01
    0.5308811167E-01
    0.5378496713E-01
    0.5379545614E-01
    0.5449223065E-01
    0.5450634152E-01
    0.5510048183E-01
    0.5511128050E-01
    0.5580789993E-01
    0.5581988620E-01
    0.5661911961E-01
    0.5663141833E-01
    0.5722561935E-01
    0.5723791792E-01
    0.5784984390E-01
    0.5786064688E-01
    0.5855715672E-01
    0.5856764609E-01
    0.5934930120E-01
    0.5936159855E-01
    0.6005829552E-01
    0.6007059547E-01
    0.6076742728E-01
    0.6077822696E-01
    0.6138981072E-01
    0.6140360863E-01
    0.6210032584E-01
    0.6211443413E-01
    0.6291366753E-01
    0.6292596625E-01
    0.6353789393E-01
    0.6354969584E-01
    0.6424624526E-01
    0.6425709494E-01
    0.6495395789E-01
    0.6496631862E-01
    0.6574764015E-01
    0.6576181767E-01
    0.6645855250E-01
    0.6646940395E-01
    0.6708133630E-01
    0.6709551624E-01
    0.6799701299E-01
    0.6800937130E-01
    0.6870617354E-01
    0.6871853235E-01
    0.6941504129E-01
    0.6942771384E-01
    0.7014205922E-01
    0.7015441330E-01
    0.7085102001E-01
    0.7086520151E-01
    0.7147692821E-01
    0.7149110647E-01
    0.7230812440E-01
    0.7231897442E-01
    0.7301545642E-01
    0.7302812915E-01
    0.7382724323E-01
    0.7383960013E-01
    0.7453633496E-01
    0.7455051702E-01
    0.7526466345E-01
    0.7527551401E-01
    0.7597231625E-01
    0.7598831471E-01
    0.7688986035E-01
    0.7690403562E-01
    0.7770313959E-01
    0.7771248625E-01
    0.7823944253E-01
    0.7825361987E-01
    0.7905286207E-01
    0.7906885775E-01
    0.7997055004E-01
    0.7998291113E-01
    0.8059467830E-01
    0.8060735031E-01
    0.8140646439E-01
    0.8141913419E-01
    0.8210090273E-01
    0.8211897843E-01
    0.8291430562E-01
    0.8293045636E-01
    0.8374326626E-01
    0.8375942325E-01
    0.8447022383E-01
    0.8448829710E-01
    0.8518149924E-01
    0.8519957273E-01
    0.8591054108E-01
    0.8592709894E-01
    0.8673972263E-01
    0.8675779079E-01
    0.8755304919E-01
    0.8757112489E-01
    0.8836656780E-01
    0.8838080006E-01
    0.8900706907E-01
    0.8902746375E-01
    0.8992475657E-01
    0.8994091105E-01
    0.9066925476E-01
    0.9068540642E-01
    0.9148055746E-01
    0.9149671285E-01
    0.9229209875E-01
    0.9231249029E-01
    0.9312516263E-01
    0.9314171629E-01
    0.9385250851E-01
    0.9387058017E-01
    0.9458163405E-01
    0.9459778993E-01
    0.9549485130E-01
    0.9551332277E-01
    0.9624170675E-01
    0.9625786081E-01
    0.9696875031E-01
    0.9698914499E-01
    0.9778429603E-01
    0.9780084478E-01
    0.9863133367E-01
    0.9864748845E-01
    0.9944266630E-01
    0.9946306296E-01
    0.1001738250E+00
    0.1001880543E+00
    0.1009164953E+00
    0.1009349690E+00
    0.1018321864E+00
    0.1018525794E+00
    0.1026654849E+00
    0.1026797172E+00
    0.1033059963E+00
    0.1033267874E+00
    0.1042417894E+00
    0.1042579426E+00
    0.1050531037E+00
    0.1050715796E+00
    0.1058000022E+00
    0.1058161547E+00
    0.1066289730E+00
    0.1066497669E+00
    0.1073780217E+00
    0.1073922549E+00
    0.1082050916E+00
    0.1082235638E+00
    0.1091207224E+00
    0.1091395935E+00
    0.1098680831E+00
    0.1098861573E+00
    0.1105969411E+00
    0.1106154148E+00
    0.1115303380E+00
    0.1115492081E+00
    0.1122774059E+00
    0.1122935606E+00
    0.1131064309E+00
    0.1131249037E+00
    0.1139377706E+00
    0.1139566435E+00
    0.1146850442E+00
    0.1147035170E+00
    0.1155161591E+00
    0.1155323119E+00
    0.1163626934E+00
    0.1163815645E+00
    0.1171944348E+00
    0.1172129062E+00
    0.1179237353E+00
    0.1179406860E+00
    0.1187709971E+00
    0.1187894735E+00
    0.1196024813E+00
    0.1196209539E+00
    0.1203491567E+00
    0.1203657105E+00
    0.1211960619E+00
    0.1212145323E+00
    0.1220273724E+00
    0.1220439219E+00
    0.1228743219E+00
    0.1228931939E+00
    0.1237059635E+00
    0.1237244388E+00
    0.1243683347E+00
    0.1243848926E+00
    0.1252998192E+00
    0.1253206073E+00
    0.1261333769E+00
    0.1261480094E+00
    0.1268764202E+00
    0.1268972115E+00
    0.1277275628E+00
    0.1277441178E+00
    0.1284725504E+00
    0.1284891019E+00
    0.1293016853E+00
    0.1293224741E+00
    0.1300686428E+00
    0.1300832755E+00
    0.1308958689E+00
    0.1309189794E+00
    0.1317495254E+00
    0.1317641580E+00
    0.1324923374E+00
    0.1325108122E+00
    0.1333413011E+00
    0.1333582532E+00
    0.1341885340E+00
    0.1342070046E+00
    0.1349354456E+00
    0.1349500818E+00
    0.1357803627E+00
    0.1358034700E+00
    0.1365318137E+00
    0.1365483665E+00
    0.1372943322E+00
    0.1373112851E+00
    0.1382261110E+00
    0.1382445857E+00
    0.1388884816E+00
    0.1389031156E+00
    0.1397334551E+00
    0.1397546413E+00
    0.1406695981E+00
    0.1406861533E+00
    0.1413300107E+00
    0.1413488802E+00
    0.1421792802E+00
    0.1421962311E+00
    0.1429420559E+00
    0.1429586130E+00
    0.1438734608E+00
    0.1438904115E+00
    0.1445343259E+00
    0.1445551163E+00
    0.1454875457E+00
    0.1455044967E+00
    0.1461484111E+00
    0.1461649648E+00
    0.1468932112E+00
    0.1469124813E+00
    0.1477603439E+00
    0.1477768959E+00
    0.1485053067E+00
    0.1485199425E+00
    0.1493681104E+00
    0.1493892979E+00
    0.1501174436E+00
    0.1501320804E+00
    0.1508780058E+00
    0.1508991908E+00
    0.1517295421E+00
    0.1517441786E+00
    0.1523880360E+00
    0.1524092253E+00
    0.1533417788E+00
    0.1533564135E+00
    0.1540001333E+00
    0.1540190046E+00
    0.1549515313E+00
    0.1549684798E+00
    0.1556122969E+00
    0.1556292523E+00
    0.1564597311E+00
    0.1564766856E+00
    0.1572400535E+00
    0.1572589245E+00
    0.1579872766E+00
    0.1580019071E+00
    0.1588498283E+00
    0.1588710221E+00
    0.1595148694E+00
    0.1595275818E+00
    0.1603756222E+00
    0.1603968083E+00
    0.1610405584E+00
    0.1610551949E+00
    0.1619875538E+00
    0.1620049023E+00
    0.1626665846E+00
    0.1626854566E+00
    0.1634135839E+00
    0.1634305368E+00
    0.1642787047E+00
    0.1642956556E+00
    0.1649394157E+00
    0.1657872783E+00
    0.1658019118E+00
    0.1664633207E+00
    0.1664825927E+00
    0.1673129440E+00
    0.1673298947E+00
    0.1679914311E+00
    0.1680064656E+00
    0.1689389520E+00
    0.1689578235E+00
    0.1695171056E+00
    0.1695344519E+00
    0.1704668897E+00
    0.1704834469E+00
    0.1711450503E+00
    0.1711623993E+00
    0.1718905568E+00
    0.1719094272E+00
    0.1726730601E+00
    0.1726880936E+00
    0.1733494220E+00
    0.1733644535E+00
    0.1741948535E+00
    0.1742160472E+00
    0.1748775266E+00
    0.1748902428E+00
    0.1757381053E+00
    0.1757550538E+00
    0.1764164527E+00
    0.1764357219E+00
    0.1771817815E+00
    0.1771987338E+00
    0.1779445887E+00
    0.1779596214E+00
    0.1787229708E+00
    0.1787380023E+00
    0.1794839680E+00
    0.1795032395E+00
    0.1800626676E+00
    0.1800796199E+00
    0.1809275529E+00
    0.1809445050E+00
    0.1816903700E+00
    0.1817054038E+00
    0.1824690350E+00
    0.1824863824E+00
    0.1831477208E+00
    0.1831646753E+00
    0.1839106410E+00
    0.1839279930E+00
    0.1845893616E+00
    0.1846020703E+00
    0.1854500922E+00
    0.1854670474E+00
    0.1861283455E+00
    0.1861456960E+00
    0.1869093189E+00
    0.1869262721E+00
    0.1875699735E+00
    0.1875873217E+00
    0.1883509328E+00
    0.1883636475E+00
    0.1890250866E+00
    0.1890443556E+00
    0.1898922181E+00
    0.1899072519E+00
    0.1904841946E+00
    0.1905015473E+00
    0.1911629864E+00
    0.1911780161E+00
    0.1919238811E+00
    0.1919389141E+00
    0.1926004806E+00
    0.1926155133E+00
    0.1934633859E+00
    0.1934826549E+00
    0.1940596278E+00
    0.1940746610E+00
    0.1948381345E+00
    0.1948535691E+00
    0.1955995046E+00
    0.1956164554E+00
    0.1961933981E+00
    0.1962107479E+00
    0.1968722138E+00
    0.1968849255E+00
    0.1977328989E+00
    0.1977502514E+00
    0.1983272427E+00
    0.1983422733E+00
    0.1991057771E+00
    0.1991188914E+00
    0.1998647564E+00
    0.1998840280E+00
    0.2005630756E+00
    0.2005781069E+00
    0.2011375384E+00
    0.2011529708E+00
    0.2018318909E+00
    0.2018465236E+00
    0.2025923785E+00
    0.2026078087E+00
    0.2032868563E+00
    0.2033018908E+00
    0.2039632729E+00
    0.2039806234E+00
    0.2047442949E+00
    0.2047593266E+00
    0.2054207254E+00
    0.2054361579E+00
    0.2061150210E+00
    0.2061319742E+00
    0.2066914627E+00
    0.2067068951E+00
    0.2074702713E+00
    0.2074810650E+00
    0.2080580077E+00
    0.2080753575E+00
    0.2087545729E+00
    0.2087696049E+00
    0.2095154699E+00
    0.2095309026E+00
    0.2102098042E+00
    0.2102248327E+00
    0.2108017754E+00
    0.2108191294E+00
    0.2115650917E+00
    0.2115782036E+00
    0.2122573704E+00
    0.2122747196E+00
    0.2127495087E+00
    0.2127626207E+00
    0.2134417756E+00
    0.2134568108E+00
    0.2141182985E+00
    0.2141314104E+00
    0.2148946307E+00
    0.2149100655E+00
    0.2154871861E+00
    0.2155002980E+00
    0.2161794429E+00
    0.2161987108E+00
    0.2168600794E+00
    0.2168731915E+00
    0.2175521453E+00
    0.2175652594E+00
    0.2181422122E+00
    0.2181576457E+00
    0.2187345884E+00
    0.2187496206E+00
    0.2194111167E+00
    0.2194242298E+00
    0.2201032875E+00
    0.2201164005E+00
    0.2206933432E+00
    0.2207087703E+00
    0.2213876904E+00
    0.2214027256E+00
    0.2220642435E+00
    0.2220796781E+00
    0.2227586285E+00
    0.2227717406E+00
    0.2233486833E+00
    0.2233641113E+00
    0.2239412100E+00
    0.2239562413E+00
    0.2246176888E+00
    0.2246331190E+00
    0.2253120693E+00
    0.2253228670E+00
    0.2258153671E+00
    0.2258288792E+00
    0.2265078966E+00
    0.2265229288E+00
    0.2271843276E+00
    0.2271997578E+00
    0.2277768951E+00
    0.2277900084E+00
    0.2284688715E+00
    0.2284843017E+00
    0.2288748780E+00
    0.2288899109E+00
    0.2295688587E+00
    0.2295823728E+00
    0.2296085980E+00
    0.2309489840E+00
    0.2309775255E+00
    0.2321490899E+00
    0.2321734004E+00
    0.2334295065E+00
    0.2334580466E+00
    0.2346119371E+00
    0.2346381640E+00
    0.2358941593E+00
    0.2359207859E+00
    0.2370923201E+00
    0.2371208621E+00
    0.2381902587E+00
    0.2382145637E+00
    0.2394706564E+00
    0.2394972815E+00
    0.2406687830E+00
    0.2406973274E+00
    0.2416647918E+00
    0.2416890972E+00
    0.2429451932E+00
    0.2429718174E+00
    0.2439568200E+00
    0.2439834483E+00
    0.2451549875E+00
    0.2451792909E+00
    0.2464352133E+00
    0.2464618378E+00
    0.2474469082E+00
    0.2474735355E+00
    0.2486450127E+00
    0.2486693172E+00
    0.2497387406E+00
    0.2497634453E+00
    0.2509350525E+00
    0.2509593601E+00
    0.2519444356E+00
    0.2519710576E+00
    0.2530579654E+00
    0.2532493775E+00
    0.2617562304E+00
    0.2619476380E+00
    0.2704543306E+00
    0.2706495770E+00
    0.2790717658E+00
    0.2792627775E+00
    0.2876500435E+00
    0.2878368129E+00
    0.2960548480E+00
    0.2962454569E+00
    0.3044461569E+00
    0.3046344508E+00
    0.3127154567E+00
    0.3128971930E+00
    0.3209959827E+00
    0.3211796392E+00
    0.3292913843E+00
    0.3294354470E+00
    0.3375561793E+00
    0.3376999300E+00
    0.3456154351E+00
    0.3457576804E+00
    0.3536733356E+00
    0.3538132895E+00
    0.3617780108E+00
    0.3656430795E+00
    0.3697313710E+00
    0.3737576181E+00
    0.3776226539E+00
    0.3817017515E+00
    0.3856237215E+00
    0.3896404338E+00
    0.3934118802E+00
    0.3973756922E+00
    0.4011898177E+00
    0.4051445602E+00
    0.4089586514E+00
    0.4129662394E+00
    0.4167288164E+00
    0.4205870625E+00
    0.4243923457E+00
    0.4283513253E+00
    0.4320805806E+00
    0.4359292965E+00
    0.4396539105E+00
    0.4435805044E+00
    0.4473100612E+00
    0.4511406005E+00
    0.4548611819E+00
    0.4586915721E+00
    0.4623692932E+00
    0.4661997936E+00
    0.4698686465E+00
    0.4736407226E+00
    0.4774259813E+00
    0.4812377397E+00
    0.4848815922E+00
    0.4886843049E+00
    0.4923624337E+00
    0.4961039264E+00
    0.4997909347E+00
    0.5035414402E+00
    0.5071243695E+00
    0.5109704668E+00
    0.5146595902E+00
    0.5182556006E+00
    0.5218994505E+00
    0.5256746402E+00
    0.5292661895E+00
    0.5329373280E+00
    0.5365902334E+00
    0.5403134899E+00
    0.5439154049E+00
    0.5475774618E+00
    0.5511777513E+00
    0.5529996756E+00
    0.5548235714E+00
    0.5566498747E+00
    0.5584934489E+00
    0.5602762941E+00
    0.5620768545E+00
    0.5655856132E+00
    0.5656278164E+00
    0.5727953068E+00
    0.5728809853E+00
    0.5799445690E+00
    0.5800306312E+00
    0.5872834648E+00
    0.5874059272E+00
    0.5944347345E+00
    0.5945539771E+00
    0.6016672941E+00
    0.6017885887E+00
    0.6087142978E+00
    0.6088323576E+00
    0.6159276291E+00
    0.6160833313E+00
    0.6230587751E+00
    0.6232129874E+00
    0.6301885444E+00
    0.6303446460E+00
    0.6373019295E+00
    0.6374898765E+00
    0.6446157809E+00
    0.6448070284E+00
    0.6517474614E+00
    0.6519362966E+00
    0.6588382588E+00
    0.6590613049E+00
    0.6660501074E+00
    0.6662731569E+00
    0.6731610990E+00
    0.6733873052E+00
    0.6802315656E+00
    0.6805224210E+00
    0.6873245580E+00
    0.6876146704E+00
    0.6944121645E+00
    0.6947404261E+00
    0.7016070975E+00
    0.7019315844E+00
    0.7086165401E+00
    0.7089366882E+00
    0.7092667760E+00
    0.7161415391E+00
    0.7165094442E+00
    0.7232382364E+00
    0.7236006397E+00
    0.7305187310E+00
    0.7309212010E+00
    0.7376150072E+00
    0.7380110711E+00
    0.7447863157E+00
    0.7451956550E+00
    0.7519594821E+00
    0.7586181050E+00
    0.7590498934E+00
    0.7652919097E+00
    0.7662232276E+00
    0.7724495388E+00
    0.7734054701E+00
    0.7796347619E+00
    0.7806525725E+00
    0.7867181963E+00
    0.7877427112E+00
    0.7939010921E+00
    0.7949574640E+00
    0.7980877203E+00
    0.7986659607E+00
    0.7989325259E+00
    0.8022324273E+00
    0.8025069555E+00
    0.8058070039E+00
    0.8060818569E+00
    0.8094837274E+00
    0.8097997228E+00
    0.8129867500E+00
    0.8132937674E+00
    0.8167507639E+00
    0.8170503528E+00
    0.8203163336E+00
    0.8206341661E+00
    0.8239021283E+00
    0.8242267590E+00
    0.8275700481E+00
    0.8278946801E+00
    0.8311431852E+00
    0.8314732897E+00
    0.8347186569E+00
    0.8350465109E+00
    0.8385613939E+00
    0.8389053043E+00
    0.8422125194E+00
    0.8425747936E+00
    0.8457259645E+00
    0.8460635140E+00
    0.8494632898E+00
    0.8498089120E+00
    0.8531153082E+00
    0.8534962299E+00
    0.8567077518E+00
    0.8570693578E+00
    0.8604522978E+00
    0.8608158282E+00
    0.8640255535E+00
    0.8644083571E+00
    0.8677901613E+00
    0.8681786459E+00
    0.8714496961E+00
    0.8718421290E+00
    0.8752045090E+00
    0.8755949086E+00
    0.8790343821E+00
    0.8794247816E+00
    0.8826935202E+00
    0.8834950921E+00
    0.8863413777E+00
    0.8893360596E+00
    0.8901532212E+00
    0.8929995825E+00
    0.8938315644E+00
    0.8967066951E+00
    0.8975560599E+00
    0.9003799200E+00
    0.9012735669E+00
    0.9041500350E+00
    0.9049994200E+00
    0.9080360492E+00
    0.9089296777E+00
    0.9118062011E+00
    0.9126749827E+00
    0.9155121203E+00
    0.9163977936E+00
    0.9193161834E+00
    0.9202732952E+00
    0.9231125891E+00
    0.9240191638E+00
    0.9268584192E+00
    0.9277643921E+00
    0.9306735147E+00
    0.9316146911E+00
    0.9344627519E+00
    0.9354562739E+00
    0.9383722968E+00
    0.9393434254E+00
    0.9421182287E+00
    0.9431164088E+00
    0.9490122954E+00
    0.9510283339E+00
    0.9530047413E+00
    0.9548068325E+00
    0.9558427514E+00
    0.9567319435E+00
    0.9573012351E+00
    0.9577017990E+00
    0.9582614254E+00
    0.9587018701E+00
    0.9591904726E+00
    0.9596839772E+00
    0.9604544550E+00
    0.9607184313E+00
    0.9613499724E+00
    0.9616090901E+00
    0.9623926520E+00
    0.9626849267E+00
    0.9633925114E+00
    0.9636564630E+00
    0.9643509636E+00
    0.9646149399E+00
    0.9653355949E+00
    0.9655760779E+00
    0.9663595765E+00
    0.9666753883E+00
    0.9674589532E+00
    0.9676994582E+00
    0.9682681418E+00
    0.9685604419E+00
    0.9693440068E+00
    0.9695830500E+00
    0.9703766488E+00
    0.9706768201E+00
    0.9713320500E+00
    0.9715749417E+00
    0.9722799424E+00
    0.9725514588E+00
    0.9732067474E+00
    0.9734545861E+00
    0.9742481849E+00
    0.9745483788E+00
    0.9752036794E+00
    0.9754497884E+00
    0.9761394546E+00
    0.9762769887E+00
    0.9771469004E+00
    0.9772702030E+00
    0.9781400396E+00
    0.9782775856E+00
    0.9789827657E+00
    0.9791085190E+00
    0.9799039853E+00
    0.9800012405E+00
    0.9807964942E+00
    0.9809222475E+00
    0.9811431392E+00
    0.9817226680E+00
    0.9823909224E+00
    0.9826436660E+00
    0.9832493745E+00
    0.9834784598E+00
    0.9841467142E+00
    0.9843757277E+00
    0.9849813099E+00
    0.9852054651E+00
    0.9857353506E+00
    0.9859120357E+00
    0.9864419844E+00
    0.9866710458E+00
    0.9872140189E+00
    0.9874430564E+00
    0.9880487017E+00
    0.9882540570E+00
    0.9887969669E+00
    0.9889973956E+00
    0.9894019367E+00
    0.9896072947E+00
    0.9901502678E+00
    0.9903269728E+00
    0.9907941879E+00
    0.9909758188E+00
    0.9913803524E+00
    0.9915333779E+00
    0.9920763510E+00
    0.9922579791E+00
    0.9927382168E+00
    0.9929198955E+00
    0.9932618275E+00
    0.9934148291E+00
    0.9938950594E+00
    0.9940243577E+00
    0.9942905299E+00
    0.9944435328E+00
    0.9948612247E+00
    0.9950142468E+00
    0.9952728236E+00
    0.9954853028E+00
    0.9957368584E+00
    0.9960053167E+00
    0.9962186566E+00
    0.9964232527E+00
    0.9965472576E+00
    0.9968099985E+00
    0.9970183527E+00
    0.9972330030E+00
    0.9974032211E+00
    0.9976178286E+00
    0.9977418719E+00
    0.9978983386E+00
    0.9980303175E+00
    0.9982449250E+00
    0.9983689683E+00
    0.9985353964E+00
    0.9986674127E+00
    0.9987656987E+00
    0.9988896990E+00
    0.9990561353E+00
    0.9991420165E+00
    0.9992502040E+00
    0.9993360410E+00
    0.9993861532E+00
    0.9993876202E+00
    0.9995540080E+00
    0.9997242195E+00
    0.9997843917E+00
    0.9997397847E+00
    0.9997898358E+00
    0.9998374754E+00
    0.9998975046E+00
    0.9999451078E+00
    0.9999469921E+00
    0.9999484808E+00
    0.9999985376E+00
    0.1000000000E+01
    0.0000000000E+00
   -0.9694437205E-03
   -0.9715566331E-03
   -0.1923203774E-02
   -0.1925263667E-02
   -0.2894618406E-02
   -0.2896721340E-02
   -0.3848173091E-02
   -0.3850462591E-02
   -0.4819916615E-02
   -0.4821794039E-02
   -0.5773410192E-02
   -0.5775700049E-02
   -0.6640962441E-02
   -0.6642839454E-02
   -0.7698440932E-02
   -0.7700730648E-02
   -0.8566034944E-02
   -0.8568137663E-02
   -0.9623804260E-02
   -0.1059325828E-01
   -0.1059532244E-01
   -0.1154685639E-01
   -0.1154895932E-01
   -0.1262248861E-01
   -0.1262455249E-01
   -0.1359390723E-01
   -0.1359582331E-01
   -0.1446112761E-01
   -0.1446323022E-01
   -0.1551893792E-01
   -0.1552100198E-01
   -0.1638630628E-01
   -0.1638863492E-01
   -0.1735808894E-01
   -0.1736019214E-01
   -0.1843377881E-01
   -0.1843565583E-01
   -0.1885832467E-01
   -0.1938720625E-01
   -0.1939037237E-01
   -0.2027301842E-01
   -0.2027538074E-01
   -0.2124429105E-01
   -0.2124670224E-01
   -0.2221559548E-01
   -0.2221847731E-01
   -0.2318731320E-01
   -0.2318972457E-01
   -0.2415863488E-01
   -0.2416151620E-01
   -0.2513036835E-01
   -0.2513306404E-01
   -0.2610197435E-01
   -0.2610433646E-01
   -0.2717723886E-01
   -0.2717988566E-01
   -0.2795864659E-01
   -0.2796134230E-01
   -0.2903424470E-01
   -0.2903684220E-01
   -0.3000576024E-01
   -0.3000845577E-01
   -0.3108130855E-01
   -0.3108395493E-01
   -0.3186263370E-01
   -0.3186504517E-01
   -0.3293794756E-01
   -0.3294082957E-01
   -0.3380564857E-01
   -0.3380834394E-01
   -0.3479510612E-01
   -0.3479723325E-01
   -0.3576611875E-01
   -0.3576904932E-01
   -0.3675605024E-01
   -0.3675874576E-01
   -0.3764147397E-01
   -0.3764360764E-01
   -0.3869846248E-01
   -0.3870140785E-01
   -0.3968820627E-01
   -0.3969062951E-01
   -0.4065947708E-01
   -0.4066242253E-01
   -0.4154518840E-01
   -0.4154761159E-01
   -0.4253431079E-01
   -0.4253673360E-01
   -0.4352361418E-01
   -0.4352655957E-01
   -0.4430513710E-01
   -0.4430756050E-01
   -0.4529435039E-01
   -0.4529705940E-01
   -0.4636997206E-01
   -0.4637263128E-01
   -0.4725540568E-01
   -0.4725811505E-01
   -0.4824492974E-01
   -0.4824711645E-01
   -0.4912981643E-01
   -0.4913276168E-01
   -0.5001548727E-01
   -0.5001819597E-01
   -0.5100489516E-01
   -0.5100760388E-01
   -0.5208057389E-01
   -0.5208271168E-01
   -0.5298345321E-01
   -0.5298616213E-01
   -0.5386874661E-01
   -0.5387121882E-01
   -0.5485793509E-01
   -0.5486059459E-01
   -0.5584737594E-01
   -0.5584984853E-01
   -0.5675056525E-01
   -0.5675327390E-01
   -0.5761808117E-01
   -0.5762079030E-01
   -0.5852128536E-01
   -0.5852370845E-01
   -0.5951048980E-01
   -0.5951296223E-01
   -0.6041365414E-01
   -0.6041612648E-01
   -0.6129901638E-01
   -0.6130196163E-01
   -0.6228712442E-01
   -0.6229321851E-01
   -0.6329312218E-01
   -0.6330001153E-01
   -0.6428200301E-01
   -0.6429021046E-01
   -0.6508266063E-01
   -0.6508954840E-01
   -0.6607154757E-01
   -0.6607764096E-01
   -0.6697383407E-01
   -0.6698072197E-01
   -0.6796255844E-01
   -0.6797010776E-01
   -0.6876289342E-01
   -0.6876898675E-01
   -0.6966520454E-01
   -0.6967209351E-01
   -0.7056831131E-01
   -0.7057520128E-01
   -0.7155721745E-01
   -0.7156555951E-01
   -0.7235813230E-01
   -0.7236502315E-01
   -0.7336478721E-01
   -0.7337088035E-01
   -0.7426708195E-01
   -0.7427397130E-01
   -0.7525588102E-01
   -0.7526342908E-01
   -0.7597030144E-01
   -0.7597652950E-01
   -0.7687279587E-01
   -0.7687968609E-01
   -0.7787950801E-01
   -0.7788639642E-01
   -0.7869688140E-01
   -0.7870311242E-01
   -0.7958152445E-01
   -0.7958907150E-01
   -0.8048510880E-01
   -0.8049120282E-01
   -0.8130176106E-01
   -0.8130878710E-01
   -0.8230860902E-01
   -0.8231549861E-01
   -0.8312576223E-01
   -0.8313199111E-01
   -0.8401063300E-01
   -0.8401738662E-01
   -0.8482783842E-01
   -0.8483486438E-01
   -0.8583466931E-01
   -0.8584089813E-01
   -0.8665124350E-01
   -0.8665813291E-01
   -0.8736509631E-01
   -0.8737134522E-01
   -0.8845677631E-01
   -0.8846303713E-01
   -0.8927340119E-01
   -0.8928098654E-01
   -0.9009152180E-01
   -0.9009778280E-01
   -0.9101193525E-01
   -0.9101819537E-01
   -0.9181077903E-01
   -0.9181784054E-01
   -0.9262820461E-01
   -0.9263366447E-01
   -0.9344416735E-01
   -0.9345042866E-01
   -0.9445021274E-01
   -0.9445727400E-01
   -0.9516419366E-01
   -0.9517111585E-01
   -0.9598139817E-01
   -0.9598685987E-01
   -0.9690094596E-01
   -0.9690800627E-01
   -0.9771850145E-01
   -0.9772476289E-01
   -0.9863875955E-01
   -0.9864501928E-01
   -0.9935171758E-01
   -0.9935877941E-01
   -0.1000835118E+00
   -0.1000889722E+00
   -0.1010031161E+00
   -0.1010093772E+00
   -0.1019055364E+00
   -0.1019119346E+00
   -0.1027223233E+00
   -0.1027285835E+00
   -0.1034533653E+00
   -0.1034594887E+00
   -0.1042699669E+00
   -0.1042763656E+00
   -0.1050868932E+00
   -0.1050931541E+00
   -0.1059215114E+00
   -0.1059271100E+00
   -0.1066338986E+00
   -0.1066409601E+00
   -0.1073656185E+00
   -0.1073710791E+00
   -0.1082850595E+00
   -0.1082906582E+00
   -0.1090103679E+00
   -0.1090248481E+00
   -0.1099299763E+00
   -0.1099441426E+00
   -0.1105592886E+00
   -0.1105701464E+00
   -0.1112878331E+00
   -0.1113038094E+00
   -0.1122088329E+00
   -0.1122215026E+00
   -0.1129391648E+00
   -0.1129518328E+00
   -0.1136694950E+00
   -0.1136839744E+00
   -0.1144016855E+00
   -0.1144140439E+00
   -0.1153013712E+00
   -0.1153140409E+00
   -0.1160316787E+00
   -0.1160461572E+00
   -0.1168662867E+00
   -0.1168789555E+00
   -0.1175966178E+00
   -0.1176092874E+00
   -0.1182244824E+00
   -0.1182371503E+00
   -0.1190573043E+00
   -0.1190699727E+00
   -0.1197876349E+00
   -0.1198003037E+00
   -0.1205179660E+00
   -0.1205324441E+00
   -0.1212501552E+00
   -0.1212628253E+00
   -0.1219805853E+00
   -0.1219914440E+00
   -0.1227091062E+00
   -0.1227235860E+00
   -0.1233740017E+00
   -0.1233851703E+00
   -0.1241027592E+00
   -0.1241154280E+00
   -0.1247306963E+00
   -0.1247415545E+00
   -0.1255616107E+00
   -0.1255760910E+00
   -0.1262090058E+00
   -0.1262201769E+00
   -0.1269378147E+00
   -0.1269504831E+00
   -0.1275657024E+00
   -0.1275750624E+00
   -0.1283101688E+00
   -0.1283246491E+00
   -0.1290423602E+00
   -0.1290550282E+00
   -0.1296877803E+00
   -0.1296989513E+00
   -0.1304166135E+00
   -0.1304292832E+00
   -0.1310622714E+00
   -0.1310734404E+00
   -0.1317910782E+00
   -0.1318022479E+00
   -0.1324350253E+00
   -0.1324476941E+00
   -0.1330803737E+00
   -0.1330900453E+00
   -0.1338076587E+00
   -0.1338170209E+00
   -0.1344499113E+00
   -0.1344643886E+00
   -0.1350123209E+00
   -0.1350234913E+00
   -0.1357411780E+00
   -0.1357523501E+00
   -0.1362824486E+00
   -0.1362918073E+00
   -0.1369246648E+00
   -0.1369373341E+00
   -0.1376727331E+00
   -0.1376839055E+00
   -0.1383166905E+00
   -0.1383278607E+00
   -0.1389604105E+00
   -0.1389697704E+00
   -0.1395001523E+00
   -0.1395131318E+00
   -0.1401459413E+00
   -0.1401556150E+00
   -0.1407035473E+00
   -0.1407147178E+00
   -0.1412449179E+00
   -0.1412561112E+00
   -0.1418889350E+00
   -0.1418983427E+00
   -0.1425309481E+00
   -0.1425421720E+00
   -0.1432775841E+00
   -0.1432873038E+00
   -0.1439199535E+00
   -0.1439293615E+00
   -0.1444593862E+00
   -0.1444691036E+00
   -0.1449323052E+00
   -0.1449435314E+00
   -0.1455760635E+00
   -0.1455872886E+00
   -0.1462200636E+00
   -0.1462279620E+00
   -0.1466734009E+00
   -0.1466846274E+00
   -0.1473173214E+00
   -0.1473270370E+00
   -0.1478572114E+00
   -0.1478669338E+00
   -0.1482273043E+00
   -0.1482367106E+00
   -0.1488696520E+00
   -0.1488775506E+00
   -0.1494253747E+00
   -0.1494366010E+00
   -0.1500692507E+00
   -0.1500789689E+00
   -0.1505243665E+00
   -0.1505337735E+00
   -0.1511663055E+00
   -0.1511745173E+00
   -0.1516376784E+00
   -0.1516474007E+00
   -0.1521952126E+00
   -0.1522027995E+00
   -0.1526304872E+00
   -0.1526402067E+00
   -0.1531879865E+00
   -0.1531962001E+00
   -0.1536592398E+00
   -0.1536704642E+00
   -0.1542006874E+00
   -0.1542085852E+00
   -0.1547564093E+00
   -0.1547643115E+00
   -0.1552070324E+00
   -0.1552194211E+00
   -0.1557646071E+00
   -0.1557746798E+00
   -0.1561334180E+00
   -0.1561434893E+00
   -0.1565865824E+00
   -0.1565989727E+00
   -0.1572286710E+00
   -0.1572410616E+00
   -0.1576841593E+00
   -0.1576899908E+00
   -0.1580488012E+00
   -0.1580611943E+00
   -0.1586063962E+00
   -0.1586187849E+00
   -0.1591638136E+00
   -0.1591715691E+00
   -0.1595128606E+00
   -0.1595233308E+00
   -0.1599839109E+00
   -0.1599939791E+00
   -0.1602506975E+00
   -0.1602607713E+00
   -0.1608060416E+00
   -0.1608161110E+00
   -0.1613612688E+00
   -0.1613717397E+00
   -0.1617305097E+00
   -0.1617363452E+00
   -0.1621795273E+00
   -0.1621919156E+00
   -0.1626348196E+00
   -0.1626448918E+00
   -0.1631057865E+00
   -0.1631139383E+00
   -0.1633707053E+00
   -0.1633807753E+00
   -0.1638238769E+00
   -0.1638343470E+00
   -0.1643796173E+00
   -0.1643854536E+00
   -0.1645576839E+00
   -0.1645677570E+00
   -0.1651128616E+00
   -0.1651233297E+00
   -0.1655664753E+00
   -0.1655742319E+00
   -0.1658308697E+00
   -0.1658390196E+00
   -0.1662998057E+00
   -0.1663102739E+00
   -0.1666688304E+00
   -0.1666765860E+00
   -0.1670178897E+00
   -0.1670241237E+00
   -0.1672982325E+00
   -0.1673083037E+00
   -0.1678535861E+00
   -0.1678617342E+00
   -0.1681184488E+00
   -0.1681285238E+00
   -0.1684871730E+00
   -0.1684934014E+00
   -0.1687501115E+00
   -0.1687578681E+00
   -0.1691164406E+00
   -0.1691245932E+00
   -0.1695854074E+00
   -0.1695893223E+00
   -0.1698459198E+00
   -0.1698583112E+00
   -0.1703015823E+00
   -0.1703097322E+00
   -0.1705838448E+00
   -0.1705877586E+00
   -0.1708445978E+00
   -0.1708546663E+00
   -0.1712134774E+00
   -0.1712216309E+00
   -0.1715802398E+00
   -0.1715841570E+00
   -0.1718407462E+00
   -0.1718488950E+00
   -0.1722076286E+00
   -0.1722177015E+00
   -0.1723900002E+00
   -0.1723939152E+00
   -0.1727527263E+00
   -0.1727608781E+00
   -0.1732039067E+00
   -0.1732055022E+00
   -0.1733777158E+00
   -0.1733858668E+00
   -0.1737446460E+00
   -0.1737527969E+00
   -0.1740093450E+00
   -0.1740151784E+00
   -0.1741874407E+00
   -0.1741955980E+00
   -0.1745543726E+00
   -0.1745602030E+00
   -0.1747324250E+00
   -0.1747363411E+00
   -0.1750950306E+00
   -0.1751031825E+00
   -0.1752578043E+00
   -0.1752636358E+00
   -0.1755379505E+00
   -0.1755441810E+00
   -0.1759028705E+00
   -0.1759063854E+00
   -0.1761629868E+00
   -0.1761692211E+00
   -0.1763414833E+00
   -0.1763473158E+00
   -0.1766040426E+00
   -0.1766098798E+00
   -0.1769686415E+00
   -0.1769748728E+00
   -0.1770449626E+00
   -0.1770484778E+00
   -0.1774072516E+00
   -0.1774115653E+00
   -0.1775836665E+00
   -0.1775871817E+00
   -0.1778440977E+00
   -0.1778522513E+00
   -0.1780244817E+00
   -0.1780260766E+00
   -0.1781982537E+00
   -0.1782064044E+00
   -0.1784630422E+00
   -0.1784665572E+00
   -0.1786387344E+00
   -0.1786430465E+00
   -0.1788997649E+00
   -0.1789055992E+00
   -0.1789759390E+00
   -0.1789775327E+00
   -0.1792517258E+00
   -0.1792598815E+00
   -0.1794145033E+00
   -0.1794180156E+00
   -0.1795901646E+00
   -0.1795921609E+00
   -0.1798665121E+00
   -0.1798723448E+00
   -0.1800270191E+00
   -0.1800309367E+00
   -0.1802031587E+00
   -0.1802047545E+00
   -0.1802749240E+00
   -0.1802807547E+00
   -0.1805550732E+00
   -0.1805566688E+00
   -0.1807112138E+00
   -0.1807174470E+00
   -0.1808053383E+00
   -0.1808069341E+00
   -0.1809614792E+00
   -0.1809673146E+00
   -0.1812241136E+00
   -0.1812237888E+00
   -0.1812095387E+00
   -0.1812153722E+00
   -0.1814719735E+00
   -0.1814754857E+00
   -0.1814612083E+00
   -0.1814632039E+00
   -0.1817198812E+00
   -0.1817233991E+00
   -0.1817936902E+00
   -0.1817956828E+00
   -0.1819679450E+00
   -0.1819714604E+00
   -0.1821261346E+00
   -0.1821281302E+00
   -0.1822157752E+00
   -0.1822192883E+00
   -0.1823739945E+00
   -0.1823779097E+00
   -0.1824657204E+00
   -0.1824673178E+00
   -0.1826219434E+00
   -0.1826235356E+00
   -0.1827957538E+00
   -0.1827973494E+00
   -0.1826811441E+00
   -0.1826850591E+00
   -0.1829416885E+00
   -0.1829452056E+00
   -0.1829309273E+00
   -0.1829329192E+00
   -0.1830875813E+00
   -0.1830887771E+00
   -0.1830745437E+00
   -0.1830765400E+00
   -0.1832312827E+00
   -0.1832347980E+00
   -0.1833226041E+00
   -0.1833199629E+00
   -0.1832880086E+00
   -0.1832919246E+00
   -0.1835486787E+00
   -0.1835502724E+00
   -0.1835359949E+00
   -0.1835375907E+00
   -0.1836923456E+00
   -0.1836780954E+00
   -0.1836816095E+00
   -0.1836498200E+00
   -0.1836494974E+00
   -0.1838217597E+00
   -0.1838233552E+00
   -0.1837915217E+00
   -0.1837907983E+00
   -0.1838785603E+00
   -0.1838824735E+00
   -0.1839350953E+00
   -0.1839324559E+00
   -0.1840202583E+00
   -0.1840260889E+00
   -0.1839941384E+00
   -0.1839915000E+00
   -0.1842482906E+00
   -0.1842522047E+00
   -0.1841359234E+00
   -0.1841351988E+00
   -0.1841033121E+00
   -0.1841025896E+00
   -0.1842748116E+00
   -0.1842768035E+00
   -0.1842450991E+00
   -0.1842462951E+00
   -0.1842320449E+00
   -0.1842336423E+00
   -0.1842018407E+00
   -0.1842015171E+00
   -0.1842715742E+00
   -0.1842731716E+00
   -0.1843433776E+00
   -0.1843426543E+00
   -0.1842265257E+00
   -0.1842258010E+00
   -0.1842961407E+00
   -0.1842958153E+00
   -0.1843483163E+00
   -0.1843499138E+00
   -0.1843357488E+00
   -0.1843373437E+00
   -0.1844075618E+00
   -0.1844068421E+00
   -0.1842904598E+00
   -0.1842878149E+00
   -0.1842559403E+00
   -0.1842575359E+00
   -0.1843278757E+00
   -0.1843252320E+00
   -0.1842933939E+00
   -0.1842945942E+00
   -0.1842804376E+00
   -0.1842820295E+00
   -0.1842501062E+00
   -0.1842474652E+00
   -0.1841311718E+00
   -0.1841327704E+00
   -0.1842875533E+00
   -0.1842849095E+00
   -0.1841685028E+00
   -0.1841697014E+00
   -0.1841379484E+00
   -0.1841376246E+00
   -0.1841233745E+00
   -0.1841226502E+00
   -0.1839888409E+00
   -0.1839861981E+00
   -0.1839544451E+00
   -0.1839537204E+00
   -0.1840239386E+00
   -0.1840232178E+00
   -0.1839914207E+00
   -0.1839906973E+00
   -0.1839764594E+00
   -0.1839761355E+00
   -0.1838423628E+00
   -0.1838416422E+00
   -0.1837252675E+00
   -0.1837203034E+00
   -0.1837906067E+00
   -0.1837922022E+00
   -0.1836583930E+00
   -0.1836557511E+00
   -0.1836238325E+00
   -0.1836250321E+00
   -0.1836109157E+00
   -0.1836082726E+00
   -0.1834744231E+00
   -0.1834736995E+00
   -0.1833573612E+00
   -0.1833543186E+00
   -0.1834245368E+00
   -0.1834242160E+00
   -0.1832058701E+00
   -0.1832051473E+00
   -0.1832578505E+00
   -0.1832528882E+00
   -0.1830345864E+00
   -0.1830381016E+00
   -0.1831083076E+00
   -0.1831033472E+00
   -0.1828850012E+00
   -0.1828842778E+00
   -0.1828526540E+00
   -0.1828500130E+00
   -0.1827336793E+00
   -0.1827329548E+00
   -0.1827011531E+00
   -0.1826961909E+00
   -0.1824780183E+00
   -0.1824796168E+00
   -0.1825321908E+00
   -0.1825272285E+00
   -0.1824109343E+00
   -0.1824098127E+00
   -0.1822760034E+00
   -0.1822733616E+00
   -0.1820550203E+00
   -0.1820542983E+00
   -0.1821245165E+00
   -0.1821195545E+00
   -0.1819013294E+00
   -0.1819006077E+00
   -0.1817667985E+00
   -0.1817641527E+00
   -0.1818342903E+00
   -0.1818312492E+00
   -0.1816129482E+00
   -0.1816103101E+00
   -0.1815610778E+00
   -0.1815580368E+00
   -0.1813396225E+00
   -0.1813388999E+00
   -0.1813071066E+00
   -0.1813040656E+00
   -0.1811878800E+00
   -0.1811829162E+00
   -0.1810491237E+00
   -0.1810460827E+00
   -0.1808276562E+00
   -0.1808273333E+00
   -0.1807954952E+00
   -0.1807924544E+00
   -0.1805743912E+00
   -0.1805713484E+00
   -0.1804375513E+00
   -0.1804325881E+00
   -0.1802987789E+00
   -0.1802980573E+00
   -0.1802661751E+00
   -0.1802631332E+00
   -0.1800447994E+00
   -0.1800417575E+00
   -0.1799079482E+00
   -0.1799029908E+00
   -0.1796846890E+00
   -0.1796839664E+00
   -0.1796522096E+00
   -0.1796472455E+00
   -0.1794289802E+00
   -0.1794259394E+00
   -0.1792921302E+00
   -0.1792871716E+00
   -0.1791532537E+00
   -0.1791525309E+00
   -0.1791206891E+00
   -0.1791157286E+00
   -0.1788974633E+00
   -0.1788963420E+00
   -0.1786607395E+00
   -0.1786534579E+00
   -0.1784350755E+00
   -0.1784343538E+00
   -0.1784025522E+00
   -0.1783975918E+00
   -0.1782636215E+00
   -0.1782605798E+00
   -0.1780424071E+00
   -0.1780374467E+00
   -0.1778860054E+00
   -0.1778852846E+00
   -0.1776671648E+00
   -0.1776598834E+00
   -0.1776538007E+00
   -0.1774035802E+00
   -0.1773955779E+00
   -0.1769414516E+00
   -0.1769330496E+00
   -0.1765810343E+00
   -0.1765730350E+00
   -0.1763054226E+00
   -0.1762993431E+00
   -0.1759471940E+00
   -0.1759368665E+00
   -0.1754827037E+00
   -0.1754747056E+00
   -0.1751051886E+00
   -0.1750967878E+00
   -0.1747445582E+00
   -0.1747342369E+00
   -0.1742801832E+00
   -0.1742721799E+00
   -0.1739869130E+00
   -0.1739785138E+00
   -0.1736264864E+00
   -0.1736161673E+00
   -0.1731445195E+00
   -0.1731341987E+00
   -0.1726800420E+00
   -0.1726716393E+00
   -0.1723195506E+00
   -0.1723092330E+00
   -0.1718375187E+00
   -0.1718271954E+00
   -0.1713731619E+00
   -0.1713647617E+00
   -0.1709950790E+00
   -0.1709824415E+00
   -0.1705282183E+00
   -0.1705198139E+00
   -0.1700481058E+00
   -0.1700377885E+00
   -0.1694817591E+00
   -0.1694014375E+00
   -0.1659693364E+00
   -0.1658890172E+00
   -0.1624567721E+00
   -0.1623810896E+00
   -0.1588469277E+00
   -0.1587708420E+00
   -0.1556094788E+00
   -0.1555329964E+00
   -0.1521677281E+00
   -0.1520958866E+00
   -0.1489170464E+00
   -0.1488471215E+00
   -0.1459393846E+00
   -0.1458709816E+00
   -0.1427765169E+00
   -0.1427104253E+00
   -0.1398042061E+00
   -0.1397523689E+00
   -0.1368302019E+00
   -0.1367816871E+00
   -0.1340293019E+00
   -0.1339789681E+00
   -0.1312266646E+00
   -0.1311814135E+00
   -0.1285745509E+00
   -0.1272799798E+00
   -0.1258584307E+00
   -0.1245775282E+00
   -0.1232829173E+00
   -0.1219581461E+00
   -0.1207160596E+00
   -0.1194382358E+00
   -0.1182257831E+00
   -0.1169916142E+00
   -0.1158307102E+00
   -0.1146931101E+00
   -0.1135322396E+00
   -0.1123509185E+00
   -0.1112325873E+00
   -0.1100858577E+00
   -0.1090191329E+00
   -0.1078856764E+00
   -0.1067130091E+00
   -0.1055691634E+00
   -0.1045866369E+00
   -0.1035506325E+00
   -0.1024697269E+00
   -0.1014246579E+00
   -0.1004382908E+00
   -0.9939327128E-01
   -0.9835521233E-01
   -0.9731017285E-01
   -0.9636670658E-01
   -0.9546510693E-01
   -0.9452976182E-01
   -0.9348985632E-01
   -0.9248964546E-01
   -0.9154532021E-01
   -0.9069230955E-01
   -0.8988690095E-01
   -0.8893871328E-01
   -0.8803768468E-01
   -0.8717566803E-01
   -0.8628365456E-01
   -0.8543230869E-01
   -0.8457153769E-01
   -0.8375753174E-01
   -0.8291295343E-01
   -0.8214225059E-01
   -0.8138389230E-01
   -0.8047435084E-01
   -0.7967284260E-01
   -0.7890388306E-01
   -0.7814741230E-01
   -0.7737488711E-01
   -0.7701486671E-01
   -0.7656496475E-01
   -0.7620396191E-01
   -0.7589999318E-01
   -0.7548650094E-01
   -0.7513062969E-01
   -0.7441664353E-01
   -0.7440685566E-01
   -0.7299029773E-01
   -0.7297431527E-01
   -0.7164310472E-01
   -0.7162688534E-01
   -0.7013572364E-01
   -0.7011152060E-01
   -0.6878709569E-01
   -0.6876588003E-01
   -0.6754410820E-01
   -0.6752125207E-01
   -0.6628166322E-01
   -0.6625849968E-01
   -0.6504559528E-01
   -0.6502048271E-01
   -0.6388934053E-01
   -0.6386173834E-01
   -0.6273036145E-01
   -0.6270504721E-01
   -0.6158233596E-01
   -0.6155386884E-01
   -0.6044574278E-01
   -0.6041472409E-01
   -0.5928917064E-01
   -0.5926057727E-01
   -0.5832906364E-01
   -0.5829509373E-01
   -0.5727623772E-01
   -0.5724226959E-01
   -0.5630706204E-01
   -0.5627650651E-01
   -0.5535665843E-01
   -0.5531236417E-01
   -0.5456925001E-01
   -0.5453284870E-01
   -0.5361349455E-01
   -0.5356909905E-01
   -0.5274755004E-01
   -0.5270683602E-01
   -0.5186803207E-01
   -0.5183142790E-01
   -0.5179537131E-01
   -0.5097665252E-01
   -0.5093687398E-01
   -0.5020189121E-01
   -0.5015641794E-01
   -0.4944048674E-01
   -0.4939670526E-01
   -0.4866545544E-01
   -0.4862643778E-01
   -0.4799364022E-01
   -0.4795557407E-01
   -0.4750397414E-01
   -0.4677659930E-01
   -0.4672241788E-01
   -0.4614070554E-01
   -0.4608927223E-01
   -0.4550777590E-01
   -0.4541850187E-01
   -0.4509891167E-01
   -0.4500399984E-01
   -0.4450315268E-01
   -0.4443449709E-01
   -0.4411702626E-01
   -0.4404167439E-01
   -0.4368434195E-01
   -0.4363581063E-01
   -0.4361676971E-01
   -0.4348317092E-01
   -0.4345753790E-01
   -0.4332395295E-01
   -0.4331282099E-01
   -0.4310012283E-01
   -0.4308027236E-01
   -0.4285260269E-01
   -0.4284017286E-01
   -0.4254998373E-01
   -0.4252858163E-01
   -0.4239627364E-01
   -0.4237638471E-01
   -0.4224454114E-01
   -0.4223140639E-01
   -0.4202136143E-01
   -0.4200821231E-01
   -0.4187677614E-01
   -0.4184614071E-01
   -0.4171462580E-01
   -0.4170135240E-01
   -0.4150798018E-01
   -0.4149405673E-01
   -0.4145760666E-01
   -0.4144540383E-01
   -0.4122031915E-01
   -0.4119625385E-01
   -0.4108173700E-01
   -0.4106774419E-01
   -0.4103054007E-01
   -0.4101771829E-01
   -0.4088777903E-01
   -0.4087313910E-01
   -0.4075918823E-01
   -0.4074438030E-01
   -0.4061437131E-01
   -0.4060149103E-01
   -0.4048696606E-01
   -0.4048266940E-01
   -0.4044655491E-01
   -0.4042182536E-01
   -0.4030864697E-01
   -0.4030434430E-01
   -0.4028428655E-01
   -0.4027998388E-01
   -0.4024264788E-01
   -0.4024327565E-01
   -0.4021190616E-01
   -0.4019444029E-01
   -0.4014308658E-01
   -0.4011167070E-01
   -0.4012541130E-01
   -0.4017301793E-01
   -0.4016365691E-01
   -0.3998624540E-01
   -0.3998107320E-01
   -0.4003015906E-01
   -0.4002078130E-01
   -0.3993726347E-01
   -0.3993206758E-01
   -0.3998122029E-01
   -0.3999580811E-01
   -0.4004338772E-01
   -0.4003358806E-01
   -0.4001657855E-01
   -0.3999026055E-01
   -0.4003883286E-01
   -0.4005432103E-01
   -0.4010270282E-01
   -0.4011741819E-01
   -0.4010051936E-01
   -0.4009505214E-01
   -0.4007389032E-01
   -0.4011752856E-01
   -0.4017818065E-01
   -0.4019477167E-01
   -0.4024218623E-01
   -0.4023638568E-01
   -0.4043506993E-01
   -0.4044824793E-01
   -0.4053254702E-01
   -0.4060972009E-01
   -0.4060365407E-01
   -0.4059849002E-01
   -0.4060026259E-01
   -0.4059349881E-01
   -0.4069798620E-01
   -0.4073947890E-01
   -0.4074104177E-01
   -0.4070908453E-01
   -0.4071159947E-01
   -0.4068415356E-01
   -0.4067354468E-01
   -0.4069793185E-01
   -0.4056144366E-01
   -0.4051056841E-01
   -0.4043700003E-01
   -0.4040956893E-01
   -0.4047500368E-01
   -0.4044755776E-01
   -0.4023508936E-01
   -0.4017931257E-01
   -0.4004287688E-01
   -0.4002033040E-01
   -0.3988385502E-01
   -0.3982806004E-01
   -0.3974152156E-01
   -0.3969062532E-01
   -0.3955414994E-01
   -0.3949721529E-01
   -0.3922291994E-01
   -0.3911915879E-01
   -0.3883183902E-01
   -0.3877550765E-01
   -0.3870227328E-01
   -0.3862223662E-01
   -0.3833486828E-01
   -0.3822618117E-01
   -0.3795188581E-01
   -0.3784815197E-01
   -0.3756078892E-01
   -0.3747874459E-01
   -0.3721140803E-01
   -0.3714555213E-01
   -0.3672898317E-01
   -0.3667491008E-01
   -0.3625840336E-01
   -0.3619253762E-01
   -0.3576054199E-01
   -0.3568043286E-01
   -0.3517379432E-01
   -0.3511728275E-01
   -0.3461069351E-01
   -0.3453058439E-01
   -0.3441897681E-01
   -0.3419433300E-01
   -0.3376864437E-01
   -0.3360764790E-01
   -0.3310615802E-01
   -0.3291648931E-01
   -0.3249080067E-01
   -0.3230119132E-01
   -0.3179980604E-01
   -0.3166251356E-01
   -0.3122380050E-01
   -0.3102922150E-01
   -0.3059045615E-01
   -0.3040080722E-01
   -0.2982367300E-01
   -0.2963404386E-01
   -0.2913260628E-01
   -0.2891432469E-01
   -0.2833724277E-01
   -0.2817129996E-01
   -0.2758119363E-01
   -0.2736291545E-01
   -0.2678578123E-01
   -0.2659122612E-01
   -0.2607670843E-01
   -0.2582982077E-01
   -0.2523970541E-01
   -0.2501650126E-01
   -0.2443936704E-01
   -0.2419247597E-01
   -0.2353969741E-01
   -0.2329277019E-01
   -0.2262691491E-01
   -0.2240373054E-01
   -0.2175094296E-01
   -0.2149912933E-01
   -0.2089599858E-01
   -0.2067276712E-01
   -0.1994418732E-01
   -0.1972098600E-01
   -0.1921730160E-01
   -0.1880332870E-01
   -0.1843640441E-01
   -0.1782807042E-01
   -0.1733412538E-01
   -0.1687052246E-01
   -0.1645677530E-01
   -0.1594495016E-01
   -0.1553907164E-01
   -0.1496906287E-01
   -0.1451704462E-01
   -0.1394708299E-01
   -0.1353330395E-01
   -0.1301138585E-01
   -0.1251319277E-01
   -0.1194323115E-01
   -0.1152945211E-01
   -0.1090129851E-01
   -0.1040313939E-01
   -0.9929484918E-02
   -0.9515732258E-02
   -0.8887489903E-02
   -0.8427472286E-02
   -0.7847538313E-02
   -0.7387612907E-02
   -0.6855773401E-02
   -0.6387875962E-02
   -0.5759673809E-02
   -0.5307725937E-02
   -0.4669487517E-02
   -0.4239727208E-02
   -0.3707926711E-02
   -0.3201865941E-02
   -0.2563652431E-02
   -0.2057547654E-02
   -0.1467556380E-02
   -0.9996965001E-03
   -0.4679029397E-03
    0.1804585025E-15
