         925
    0.0000000000E+00
    0.2757845452E-04
    0.3417559377E-04
    0.5824713141E-05
    0.1080587031E-04
    0.7650134494E-04
    0.1089185289E-03
    0.9837996134E-04
    0.7913240856E-04
    0.8891130932E-04
    0.1076075957E-03
    0.1173373824E-03
    0.1498154002E-03
    0.1774120301E-03
    0.1702665074E-03
    0.1978449619E-03
    0.2424163586E-03
    0.2700311659E-03
    0.2766283065E-03
    0.3244751133E-03
    0.3690189759E-03
    0.3965974304E-03
    0.4032068946E-03
    0.4511113230E-03
    0.4835770172E-03
    0.5289507716E-03
    0.5597527591E-03
    0.6076892887E-03
    0.6401520988E-03
    0.6677135364E-03
    0.6864250306E-03
    0.7342524995E-03
    0.7666943333E-03
    0.7943048869E-03
    0.8130287061E-03
    0.8990652409E-03
    0.9815710346E-03
    0.1026961804E-02
    0.1033571268E-02
    0.1099266743E-02
    0.1169630649E-02
    0.1217477456E-02
    0.1249943938E-02
    0.1315680020E-02
    0.1372325912E-02
    0.1494005254E-02
    0.1564443107E-02
    0.1612308090E-02
    0.1644725274E-02
    0.1748555948E-02
    0.1793099810E-02
    0.1820678263E-02
    0.1891076258E-02
    0.2012733169E-02
    0.2069391387E-02
    0.2117238194E-02
    0.2187651398E-02
    0.2291536601E-02
    0.2349847775E-02
    0.2453696625E-02
    0.2524075740E-02
    0.2627851882E-02
    0.2710367116E-02
    0.2832011266E-02
    0.2876555129E-02
    0.2980485194E-02
    0.3076743090E-02
    0.3180478624E-02
    0.3250880291E-02
    0.3354765496E-02
    0.3437231432E-02
    0.3558874417E-02
    0.3629262973E-02
    0.3733075470E-02
    0.3829355132E-02
    0.3971334926E-02
    0.4067568174E-02
    0.4189234753E-02
    0.4271713801E-02
    0.4413639064E-02
    0.4509896960E-02
    0.4631558125E-02
    0.4739908612E-02
    0.4881910837E-02
    0.4990270763E-02
    0.5150068286E-02
    0.5220445305E-02
    0.5342074369E-02
    0.5438307617E-02
    0.5580237134E-02
    0.5688572412E-02
    0.5848369934E-02
    0.5930885169E-02
    0.6128816729E-02
    0.6262985162E-02
    0.6404932857E-02
    0.6472041722E-02
    0.6611552715E-02
    0.6640698862E-02
    0.6733642980E-02
    0.6913707695E-02
    0.6967058690E-02
    0.7083842200E-02
    0.7129804520E-02
    0.7238325591E-02
    0.7290958734E-02
    0.7372465338E-02
    0.7387087272E-02
    0.7543372900E-02
    0.7576995707E-02
    0.7685511089E-02
    0.7725199469E-02
    0.7857574094E-02
    0.7878243465E-02
    0.7983546698E-02
    0.8024089304E-02
    0.8183635731E-02
    0.8210358321E-02
    0.8291750548E-02
    0.8338339145E-02
    0.8494673423E-02
    0.8509276827E-02
    0.8617814977E-02
    0.8657521889E-02
    0.8813813212E-02
    0.8847436019E-02
    0.8979885172E-02
    0.9013507980E-02
    0.9145902791E-02
    0.9179537557E-02
    0.9311966525E-02
    0.9345589332E-02
    0.9501876516E-02
    0.9548465113E-02
    0.9605994987E-02
    0.9626652004E-02
    0.9834018884E-02
    0.9886660700E-02
    0.1001906121E-01
    0.1003368314E-01
    0.1018999309E-01
    0.1022968003E-01
    0.1033821818E-01
    0.1038481913E-01
    0.1054105611E-01
    0.1057466801E-01
    0.1070716581E-01
    0.1074081767E-01
    0.1092417780E-01
    0.1096385382E-01
    0.1101648986E-01
    0.1117287279E-01
    0.1120043580E-01
    0.1128173073E-01
    0.1132143147E-01
    0.1150495462E-01
    0.1153857743E-01
    0.1167102658E-01
    0.1171761518E-01
    0.1192486044E-01
    0.1196454882E-01
    0.1212083445E-01
    0.1216742410E-01
    0.1229984893E-01
    0.1233347174E-01
    0.1246587224E-01
    0.1251852641E-01
    0.1272589329E-01
    0.1276558167E-01
    0.1289803083E-01
    0.1294459471E-01
    0.1315186430E-01
    0.1318551181E-01
    0.1331791232E-01
    0.1337054178E-01
    0.1357790866E-01
    0.1361762175E-01
    0.1375002225E-01
    0.1379052057E-01
    0.1399779015E-01
    0.1403747853E-01
    0.1419376416E-01
    0.1424641833E-01
    0.1440597045E-01
    0.1444565883E-01
    0.1460194446E-01
    0.1464853306E-01
    0.1485592427E-01
    0.1489561265E-01
    0.1505186981E-01
    0.1511747124E-01
    0.1535191677E-01
    0.1539160515E-01
    0.1554789078E-01
    0.1558842431E-01
    0.1579574410E-01
    0.1583542814E-01
    0.1599171377E-01
    0.1605732138E-01
    0.1624075449E-01
    0.1628044287E-01
    0.1648776110E-01
    0.1653433116E-01
    0.1674164940E-01
    0.1680036769E-01
    0.1695665333E-01
    0.1700930750E-01
    0.1719271628E-01
    0.1723240032E-01
    0.1749075116E-01
    0.1755633261E-01
    0.1773650336E-01
    0.1777014431E-01
    0.1802852102E-01
    0.1809411049E-01
    0.1825039612E-01
    0.1830303794E-01
    0.1848641515E-01
    0.1853908167E-01
    0.1874640715E-01
    0.1879903661E-01
    0.1903020995E-01
    0.1908286412E-01
    0.1929015803E-01
    0.1934281365E-01
    0.1955010755E-01
    0.1960274319E-01
    0.1987837472E-01
    0.1995633140E-01
    0.2013088214E-01
    0.2027162836E-01
    0.2044868249E-01
    0.2051476068E-01
    0.2067134166E-01
    0.2080020940E-01
    0.2097479257E-01
    0.2111553880E-01
    0.2127200097E-01
    0.2134996979E-01
    0.2152711888E-01
    0.2166786511E-01
    0.2180390182E-01
    0.2186997717E-01
    0.2206499441E-01
    0.2220576774E-01
    0.2241884110E-01
    0.2254768172E-01
    0.2270425411E-01
    0.2279411639E-01
    0.2300724368E-01
    0.2313608715E-01
    0.2323606789E-01
    0.2335137924E-01
    0.2356448934E-01
    0.2368144295E-01
    0.2387649692E-01
    0.2396635637E-01
    0.2414096533E-01
    0.2428174718E-01
    0.2449480217E-01
    0.2462363712E-01
    0.2476217292E-01
    0.2487753281E-01
    0.2509058663E-01
    0.2523130858E-01
    0.2544449215E-01
    0.2554791649E-01
    0.2570441541E-01
    0.2583327101E-01
    0.2604638110E-01
    0.2618712733E-01
    0.2640021788E-01
    0.2651555634E-01
    0.2669011137E-01
    0.2683088186E-01
    0.2700789925E-01
    0.2714865684E-01
    0.2732330254E-01
    0.2743860537E-01
    0.2765166036E-01
    0.2776858971E-01
    0.2802019859E-01
    0.2813556131E-01
    0.2831015308E-01
    0.2845085078E-01
    0.2866397377E-01
    0.2880475846E-01
    0.2901785448E-01
    0.2913317874E-01
    0.2928969172E-01
    0.2943045215E-01
    0.2968204813E-01
    0.2982284004E-01
    0.3003592630E-01
    0.3013930495E-01
    0.3031393775E-01
    0.3049209002E-01
    0.3074369460E-01
    0.3085895819E-01
    0.3107203155E-01
    0.3121284050E-01
    0.3138747331E-01
    0.3152819811E-01
    0.3177980269E-01
    0.3192056750E-01
    0.3215165907E-01
    0.3230431941E-01
    0.3249941012E-01
    0.3264019481E-01
    0.3285326817E-01
    0.3299403582E-01
    0.3324568143E-01
    0.3338644185E-01
    0.3357907021E-01
    0.3375717394E-01
    0.3400872888E-01
    0.3411217749E-01
    0.3432532432E-01
    0.3447795472E-01
    0.3470910140E-01
    0.3487530598E-01
    0.3508832306E-01
    0.3520365016E-01
    0.3547331516E-01
    0.3565141890E-01
    0.3590302895E-01
    0.3604378369E-01
    0.3623639367E-01
    0.3641454594E-01
    0.3666617318E-01
    0.3681880926E-01
    0.3708847426E-01
    0.3722922332E-01
    0.3738575897E-01
    0.3756388697E-01
    0.3783355197E-01
    0.3796076892E-01
    0.3823039718E-01
    0.3839661958E-01
    0.3860972968E-01
    0.3878784554E-01
    0.3901895548E-01
    0.3917165222E-01
    0.3944128049E-01
    0.3959392869E-01
    0.3986359369E-01
    0.4002981041E-01
    0.4024292051E-01
    0.4042102424E-01
    0.4069068924E-01
    0.4084339812E-01
    0.4111306311E-01
    0.4126569919E-01
    0.4153532745E-01
    0.4171343118E-01
    0.4194452276E-01
    0.4209725590E-01
    0.4236692090E-01
    0.4254502463E-01
    0.4281465289E-01
    0.4299278089E-01
    0.4326248263E-01
    0.4344056209E-01
    0.4367163529E-01
    0.4382429564E-01
    0.4409396064E-01
    0.4427208863E-01
    0.4455975348E-01
    0.4474979275E-01
    0.4498093943E-01
    0.4515905529E-01
    0.4546720188E-01
    0.4561986222E-01
    0.4588956396E-01
    0.4606769196E-01
    0.4635535680E-01
    0.4654536613E-01
    0.4681503113E-01
    0.4718319840E-01
    0.4775852927E-01
    0.4845743067E-01
    0.4955403658E-01
    0.5105203987E-01
    0.5328136042E-01
    0.5472848983E-01
    0.5703484820E-01
    0.5851933512E-01
    0.6074860604E-01
    0.6222119098E-01
    0.6452504479E-01
    0.6600950744E-01
    0.6831592522E-01
    0.6980041213E-01
    0.7210424445E-01
    0.7362609249E-01
    0.7595045071E-01
    0.7746035675E-01
    0.7980273318E-01
    0.8131103130E-01
    0.8367153733E-01
    0.8607047414E-01
    0.8772357132E-01
    0.8913958895E-01
    0.9144343905E-01
    0.9297718623E-01
    0.9533760961E-01
    0.9687137783E-01
    0.9932685606E-01
    0.1008979122E+00
    0.1032583723E+00
    0.1048040518E+00
    0.1072210301E+00
    0.1087921234E+00
    0.1111910743E+00
    0.1127502831E+00
    0.1151853407E+00
    0.1167563969E+00
    0.1191733672E+00
    0.1207818208E+00
    0.1232168081E+00
    0.1247743847E+00
    0.1272093959E+00
    0.1287924033E+00
    0.1312839111E+00
    0.1328923673E+00
    0.1353273821E+00
    0.1369103896E+00
    0.1394019752E+00
    0.1410223369E+00
    0.1434934034E+00
    0.1450883136E+00
    0.1475798797E+00
    0.1492121770E+00
    0.1517037129E+00
    0.1533240576E+00
    0.1558156145E+00
    0.1574359612E+00
    0.1599456067E+00
    0.1615524520E+00
    0.1640235229E+00
    0.1656184384E+00
    0.1681845469E+00
    0.1698422693E+00
    0.1723518456E+00
    0.1739705484E+00
    0.1764416026E+00
    0.1781112671E+00
    0.1806774307E+00
    0.1822842453E+00
    0.1847733490E+00
    0.1864548681E+00
    0.1890210317E+00
    0.1906278674E+00
    0.1932300226E+00
    0.1948996575E+00
    0.1973887612E+00
    0.1990821904E+00
    0.2016483087E+00
    0.2032670540E+00
    0.2058692827E+00
    0.2075627119E+00
    0.2101083441E+00
    0.2134205795E+00
    0.2142907860E+00
    0.2177048190E+00
    0.2185880942E+00
    0.2219479019E+00
    0.2228180995E+00
    0.2261812707E+00
    0.2270645553E+00
    0.2304752564E+00
    0.2313646494E+00
    0.2347753642E+00
    0.2356578078E+00
    0.2391194625E+00
    0.2400027532E+00
    0.2434135036E+00
    0.2443090064E+00
    0.2477435371E+00
    0.2486259782E+00
    0.2520876030E+00
    0.2529961974E+00
    0.2564307649E+00
    0.2573262845E+00
    0.2607846380E+00
    0.2616801565E+00
    0.2651656844E+00
    0.2660542397E+00
    0.2695126046E+00
    0.2704273248E+00
    0.2739603474E+00
    0.2748672631E+00
    0.2783505529E+00
    0.2792543455E+00
    0.2827344157E+00
    0.2836443654E+00
    0.2871514746E+00
    0.2880613984E+00
    0.2916160954E+00
    0.2925452615E+00
    0.2960253529E+00
    0.2969221858E+00
    0.3004530608E+00
    0.3013822337E+00
    0.3049369508E+00
    0.3058530151E+00
    0.3093806928E+00
    0.3103160076E+00
    0.3138945271E+00
    0.3147974823E+00
    0.3183521824E+00
    0.3192936260E+00
    0.3228212597E+00
    0.3237434521E+00
    0.3273219929E+00
    0.3282573109E+00
    0.3318596370E+00
    0.3327748665E+00
    0.3363025187E+00
    0.3372439528E+00
    0.3408463101E+00
    0.3417877547E+00
    0.3453900653E+00
    0.3463245345E+00
    0.3499506306E+00
    0.3508982060E+00
    0.3544734737E+00
    0.3553948323E+00
    0.3590209617E+00
    0.3599685354E+00
    0.3635946905E+00
    0.3645353044E+00
    0.3681343264E+00
    0.3690880371E+00
    0.3727141976E+00
    0.3736417027E+00
    0.3773154205E+00
    0.3782691114E+00
    0.3818681642E+00
    0.3828087658E+00
    0.3864825007E+00
    0.3874222798E+00
    0.3910722703E+00
    0.3920321184E+00
    0.3956549520E+00
    0.3966016892E+00
    0.4002992322E+00
    0.4012652121E+00
    0.4049627253E+00
    0.4059024859E+00
    0.4095253649E+00
    0.4104843716E+00
    0.4141310417E+00
    0.4150777789E+00
    0.4187991467E+00
    0.4197450556E+00
    0.4234155338E+00
    0.4243876463E+00
    0.4280581301E+00
    0.4290232693E+00
    0.4327208404E+00
    0.4336798543E+00
    0.4372994823E+00
    0.4382515062E+00
    0.4419966370E+00
    0.4429617872E+00
    0.4466052089E+00
    0.4475633777E+00
    0.4513085086E+00
    0.4522605506E+00
    0.4559786674E+00
    0.4569499290E+00
    0.4605933709E+00
    0.4615646557E+00
    0.4653335973E+00
    0.4662786662E+00
    0.4699459271E+00
    0.4709233292E+00
    0.4746413757E+00
    0.4755864372E+00
    0.4793521476E+00
    0.4803356946E+00
    0.4840267579E+00
    0.4849910695E+00
    0.4887329548E+00
    0.4897033821E+00
    0.4933435669E+00
    0.4943078770E+00
    0.4980735198E+00
    0.4990369950E+00
    0.5027518296E+00
    0.5037222636E+00
    0.5074371691E+00
    0.5084198732E+00
    0.5121584564E+00
    0.5131157947E+00
    0.5168544802E+00
    0.5178310519E+00
    0.5215458950E+00
    0.5225155006E+00
    0.5262779315E+00
    0.5272413971E+00
    0.5309216516E+00
    0.5319065010E+00
    0.5356598983E+00
    0.5366323832E+00
    0.5403349992E+00
    0.5413207275E+00
    0.5450424876E+00
    0.5460320779E+00
    0.5498044793E+00
    0.5507807775E+00
    0.5544787293E+00
    0.5554683108E+00
    0.5591900432E+00
    0.5601725573E+00
    0.5638943089E+00
    0.5648706198E+00
    0.5685654082E+00
    0.5695674363E+00
    0.5733635815E+00
    0.5743461009E+00
    0.5780407856E+00
    0.5790295270E+00
    0.5827243609E+00
    0.5837130961E+00
    0.5874585260E+00
    0.5884277537E+00
    0.5921462271E+00
    0.5931482601E+00
    0.5950822295E+00
    0.5977971399E+00
    0.6006046040E+00
    0.6025849380E+00
    0.6053373864E+00
    0.6072648346E+00
    0.6099972760E+00
    0.6119511939E+00
    0.6146836700E+00
    0.6166110964E+00
    0.6194010221E+00
    0.6213813569E+00
    0.6241138477E+00
    0.6260569467E+00
    0.6288055935E+00
    0.6307642203E+00
    0.6334581973E+00
    0.6354168013E+00
    0.6381480219E+00
    0.6401191414E+00
    0.6428503749E+00
    0.6448090089E+00
    0.6475029729E+00
    0.6494741179E+00
    0.6521854933E+00
    0.6541566094E+00
    0.6568878017E+00
    0.6588322096E+00
    0.6615436499E+00
    0.6634880727E+00
    0.6661964407E+00
    0.6681794453E+00
    0.6708821582E+00
    0.6728651882E+00
    0.6755137479E+00
    0.6774840682E+00
    0.6801868003E+00
    0.6821554307E+00
    0.6848385371E+00
    0.6868215159E+00
    0.6894873926E+00
    0.6914560128E+00
    0.6941218433E+00
    0.6960904697E+00
    0.6987735499E+00
    0.7007421658E+00
    0.7033883674E+00
    0.7053696606E+00
    0.7080332144E+00
    0.7100018305E+00
    0.7126480177E+00
    0.7146022295E+00
    0.7173026235E+00
    0.7192170765E+00
    0.7218632989E+00
    0.7238048543E+00
    0.7264314336E+00
    0.7283983196E+00
    0.7310249099E+00
    0.7329944668E+00
    0.7356118035E+00
    0.7375753844E+00
    0.7402294634E+00
    0.7421514499E+00
    0.7447859902E+00
    0.7467223594E+00
    0.7493029125E+00
    0.7512647655E+00
    0.7538797670E+00
    0.7558017168E+00
    0.7584362223E+00
    0.7603853583E+00
    0.7629463899E+00
    0.7649082688E+00
    0.7675149268E+00
    0.7694346647E+00
    0.7720005684E+00
    0.7739348678E+00
    0.7765202523E+00
    0.7784673775E+00
    0.7810333330E+00
    0.7829659086E+00
    0.7855318476E+00
    0.7874515598E+00
    0.7899980519E+00
    0.7918904287E+00
    0.7944392084E+00
    0.7963991586E+00
    0.7989456025E+00
    0.8008507920E+00
    0.8034338862E+00
    0.8053116627E+00
    0.8078215156E+00
    0.8097669039E+00
    0.8123133621E+00
    0.8141944264E+00
    0.8167147706E+00
    0.8186694088E+00
    0.8211873713E+00
    0.8230741277E+00
    0.8255556502E+00
    0.8274148992E+00
    0.8299523067E+00
    0.8318519370E+00
    0.8343334257E+00
    0.8362330807E+00
    0.8387146338E+00
    0.8406271502E+00
    0.8431016232E+00
    0.8449856779E+00
    0.8474721912E+00
    0.8493692531E+00
    0.8518751341E+00
    0.8537315367E+00
    0.8561817857E+00
    0.8581064913E+00
    0.8605397743E+00
    0.8624221115E+00
    0.8648724265E+00
    0.8667417579E+00
    0.8691920048E+00
    0.8710613984E+00
    0.8734753829E+00
    0.8753576829E+00
    0.8778079491E+00
    0.8796496254E+00
    0.8820975671E+00
    0.8839560422E+00
    0.8863611304E+00
    0.8882395390E+00
    0.8906614877E+00
    0.8924973103E+00
    0.8949024106E+00
    0.8967790396E+00
    0.8991287102E+00
    0.9009923227E+00
    0.9033781644E+00
    0.9051991404E+00
    0.9076018770E+00
    0.9094376997E+00
    0.9118174981E+00
    0.9136777039E+00
    0.9160690723E+00
    0.9179292900E+00
    0.9202318247E+00
    0.9220640716E+00
    0.9244722439E+00
    0.9263175600E+00
    0.9286729654E+00
    0.9305051739E+00
    0.9328436656E+00
    0.9346759110E+00
    0.9369593682E+00
    0.9387916394E+00
    0.9411638234E+00
    0.9429531425E+00
    0.9452894311E+00
    0.9471347472E+00
    0.9494181197E+00
    0.9512074953E+00
    0.9535437719E+00
    0.9553656173E+00
    0.9576572631E+00
    0.9594833672E+00
    0.9617918235E+00
    0.9635747848E+00
    0.9658496555E+00
    0.9676757721E+00
    0.9699673889E+00
    0.9717503470E+00
    0.9740229948E+00
    0.9757928083E+00
    0.9780485793E+00
    0.9798447649E+00
    0.9816145878E+00
    0.9838871672E+00
    0.9850402597E+00
    0.9859383235E+00
    0.9861645023E+00
    0.9864276549E+00
    0.9866753561E+00
    0.9869361531E+00
    0.9871276038E+00
    0.9874074632E+00
    0.9878454273E+00
    0.9878942925E+00
    0.9883377141E+00
    0.9883937530E+00
    0.9887235906E+00
    0.9887758148E+00
    0.9892458058E+00
    0.9892946711E+00
    0.9896245774E+00
    0.9896734401E+00
    0.9900866480E+00
    0.9901316953E+00
    0.9904349366E+00
    0.9904804418E+00
    0.9908368632E+00
    0.9908819184E+00
    0.9912952058E+00
    0.9913474302E+00
    0.9916506778E+00
    0.9916851891E+00
    0.9919848274E+00
    0.9920265132E+00
    0.9923829346E+00
    0.9924174451E+00
    0.9927206864E+00
    0.9927657415E+00
    0.9930653781E+00
    0.9931070663E+00
    0.9933801065E+00
    0.9934146180E+00
    0.9937710141E+00
    0.9938017075E+00
    0.9940179819E+00
    0.9940563079E+00
    0.9943293671E+00
    0.9943672350E+00
    0.9946668462E+00
    0.9946975397E+00
    0.9948872114E+00
    0.9949217227E+00
    0.9952213593E+00
    0.9952486905E+00
    0.9954649458E+00
    0.9954994540E+00
    0.9957157283E+00
    0.9957464194E+00
    0.9959892458E+00
    0.9960132212E+00
    0.9962294956E+00
    0.9962601858E+00
    0.9964764349E+00
    0.9965037693E+00
    0.9967200246E+00
    0.9967473559E+00
    0.9969334228E+00
    0.9969535779E+00
    0.9971432496E+00
    0.9971739422E+00
    0.9973334065E+00
    0.9973502049E+00
    0.9975362719E+00
    0.9975597860E+00
    0.9978062425E+00
    0.9978263968E+00
    0.9979858864E+00
    0.9980026848E+00
    0.9981887328E+00
    0.9982122493E+00
    0.9982315919E+00
    0.9982517462E+00
    0.9984112104E+00
    0.9984280057E+00
    0.9985874953E+00
    0.9986076504E+00
    0.9987671146E+00
    0.9987800952E+00
    0.9988827810E+00
    0.9988995762E+00
    0.9990022746E+00
    0.9990186143E+00
    0.9991515075E+00
    0.9991683028E+00
    0.9992710075E+00
    0.9992839857E+00
    0.9993600878E+00
    0.9993697085E+00
    0.9994723879E+00
    0.9994820071E+00
    0.9995581155E+00
    0.9995710961E+00
    0.9996472171E+00
    0.9996496586E+00
    0.9996955595E+00
    0.9997051779E+00
    0.9996979367E+00
    0.9997037381E+00
    0.9998064238E+00
    0.9998160446E+00
    0.9998655692E+00
    0.9998751884E+00
    0.9999210830E+00
    0.9999235269E+00
    0.9998860846E+00
    0.9998813500E+00
    0.9999308810E+00
    0.9999371403E+00
    0.9999830539E+00
    0.9999854849E+00
    0.9999782311E+00
    0.9999806828E+00
    0.1000000000E+01
    0.0000000000E+00
    0.3381979656E-03
    0.5933652015E-03
    0.9518752196E-03
    0.1143243697E-02
    0.1499281823E-02
    0.1766533784E-02
    0.2086891589E-02
    0.2329962563E-02
    0.2706285476E-02
    0.2935601858E-02
    0.3311935021E-02
    0.3579185407E-02
    0.3917391879E-02
    0.4134605836E-02
    0.4472803802E-02
    0.4714215658E-02
    0.5052430638E-02
    0.5307597874E-02
    0.5701771198E-02
    0.5943177679E-02
    0.6281375644E-02
    0.6536548649E-02
    0.6930693545E-02
    0.7197938162E-02
    0.7498020269E-02
    0.7701503889E-02
    0.8095674888E-02
    0.8362925668E-02
    0.8701159986E-02
    0.8930475974E-02
    0.9324595929E-02
    0.9591859427E-02
    0.9930083496E-02
    0.1015940525E-01
    0.1057145277E-01
    0.1079909810E-01
    0.1109914385E-01
    0.1135431685E-01
    0.1171035498E-01
    0.1196384619E-01
    0.1235801951E-01
    0.1262529454E-01
    0.1298134060E-01
    0.1319689006E-01
    0.1353264166E-01
    0.1378616747E-01
    0.1418034930E-01
    0.1444760126E-01
    0.1482148806E-01
    0.1506289454E-01
    0.1540109250E-01
    0.1565460718E-01
    0.1599035935E-01
    0.1620591459E-01
    0.1660008791E-01
    0.1685360219E-01
    0.1722751450E-01
    0.1750688580E-01
    0.1788078110E-01
    0.1813427191E-01
    0.1850813319E-01
    0.1873579045E-01
    0.1907156989E-01
    0.1931297637E-01
    0.1968688752E-01
    0.1995249807E-01
    0.2032635141E-01
    0.2057989034E-01
    0.2095380265E-01
    0.2118143684E-01
    0.2151717142E-01
    0.2177067417E-01
    0.2214455245E-01
    0.2241018069E-01
    0.2280193375E-01
    0.2306753275E-01
    0.2340331162E-01
    0.2363098199E-01
    0.2402270952E-01
    0.2428832007E-01
    0.2462406315E-01
    0.2486380475E-01
    0.2525555722E-01
    0.2549531075E-01
    0.2584894736E-01
    0.2610247476E-01
    0.2643819174E-01
    0.2670379075E-01
    0.2709550919E-01
    0.2733525118E-01
    0.2768888780E-01
    0.2791654506E-01
    0.2828798548E-01
    0.2853984838E-01
    0.2893157533E-01
    0.2905751832E-01
    0.2935517107E-01
    0.2949484479E-01
    0.2963287211E-01
    0.3004243922E-01
    0.3013042932E-01
    0.3027803309E-01
    0.3041067351E-01
    0.3071023806E-01
    0.3076647688E-01
    0.3099115631E-01
    0.3106116388E-01
    0.3125867539E-01
    0.3132179261E-01
    0.3162136933E-01
    0.3167152693E-01
    0.3191999963E-01
    0.3197705416E-01
    0.3215076335E-01
    0.3223289898E-01
    0.3255630079E-01
    0.3260038993E-01
    0.3282506030E-01
    0.3289424598E-01
    0.3309178026E-01
    0.3316177916E-01
    0.3346130723E-01
    0.3351147351E-01
    0.3370897286E-01
    0.3377209007E-01
    0.3402065696E-01
    0.3408377417E-01
    0.3433233045E-01
    0.3439543820E-01
    0.3464392151E-01
    0.3470703872E-01
    0.3490461027E-01
    0.3497379595E-01
    0.3524945028E-01
    0.3530649903E-01
    0.3552791844E-01
    0.3558413872E-01
    0.3583268284E-01
    0.3590269041E-01
    0.3610021331E-01
    0.3615037400E-01
    0.3644990207E-01
    0.3651909353E-01
    0.3671658227E-01
    0.3677969062E-01
    0.3702828027E-01
    0.3709139978E-01
    0.3736379487E-01
    0.3741394669E-01
    0.3747017933E-01
    0.3766773638E-01
    0.3774380085E-01
    0.3796842569E-01
    0.3801858907E-01
    0.3829101598E-01
    0.3835413320E-01
    0.3860270008E-01
    0.3867188576E-01
    0.3889324825E-01
    0.3894340585E-01
    0.3914091736E-01
    0.3921008470E-01
    0.3945864021E-01
    0.3952175742E-01
    0.3977030154E-01
    0.3982652760E-01
    0.4004794701E-01
    0.4009810461E-01
    0.4034667150E-01
    0.4041584561E-01
    0.4063721948E-01
    0.4070034826E-01
    0.4094889238E-01
    0.4100510687E-01
    0.4122652628E-01
    0.4127669545E-01
    0.4152523957E-01
    0.4160737329E-01
    0.4182874716E-01
    0.4187890476E-01
    0.4207641628E-01
    0.4213264234E-01
    0.4245603199E-01
    0.4250618959E-01
    0.4270370111E-01
    0.4277288678E-01
    0.4299431758E-01
    0.4304447518E-01
    0.4324204750E-01
    0.4330433336E-01
    0.4360056415E-01
    0.4365072175E-01
    0.4384823326E-01
    0.4393037218E-01
    0.4415182885E-01
    0.4420199572E-01
    0.4439950723E-01
    0.4446179598E-01
    0.4473422522E-01
    0.4478438282E-01
    0.4500577946E-01
    0.4507495646E-01
    0.4529635310E-01
    0.4533962264E-01
    0.4553713416E-01
    0.4559336022E-01
    0.4586577808E-01
    0.4591594495E-01
    0.4616122671E-01
    0.4622350698E-01
    0.4636998589E-01
    0.4643309654E-01
    0.4667844972E-01
    0.4674074504E-01
    0.4693825655E-01
    0.4699447683E-01
    0.4726683543E-01
    0.4732306728E-01
    0.4754451179E-01
    0.4760072629E-01
    0.4777109111E-01
    0.4782731717E-01
    0.4804870243E-01
    0.4810492540E-01
    0.4832631066E-01
    0.4838252805E-01
    0.4863946754E-01
    0.4873798807E-01
    0.4886667386E-01
    0.4896358001E-01
    0.4918733845E-01
    0.4931130160E-01
    0.4947847699E-01
    0.4960082576E-01
    0.4972953793E-01
    0.4982644408E-01
    0.4999358626E-01
    0.5009211247E-01
    0.5031585938E-01
    0.5041276553E-01
    0.5052341416E-01
    0.5064738337E-01
    0.5083257073E-01
    0.5092948217E-01
    0.5107618677E-01
    0.5119853024E-01
    0.5136572400E-01
    0.5143880721E-01
    0.5158549227E-01
    0.5170782967E-01
    0.5189551495E-01
    0.5198049446E-01
    0.5212721625E-01
    0.5227502054E-01
    0.5246022509E-01
    0.5253331437E-01
    0.5266197144E-01
    0.5275886468E-01
    0.5290556068E-01
    0.5302791628E-01
    0.5323364674E-01
    0.5331864897E-01
    0.5346529963E-01
    0.5356219443E-01
    0.5370895061E-01
    0.5381939093E-01
    0.5398655031E-01
    0.5410889339E-01
    0.5425561518E-01
    0.5435252133E-01
    0.5449918920E-01
    0.5458417400E-01
    0.5471285061E-01
    0.5480976812E-01
    0.5503350936E-01
    0.5513039125E-01
    0.5525906551E-01
    0.5534406322E-01
    0.5549075922E-01
    0.5563855215E-01
    0.5580324800E-01
    0.5588824416E-01
    0.5601693797E-01
    0.5611382140E-01
    0.5626051564E-01
    0.5635740281E-01
    0.5650410683E-01
    0.5658912196E-01
    0.5675629912E-01
    0.5685317493E-01
    0.5701789833E-01
    0.5711483326E-01
    0.5726151031E-01
    0.5737192185E-01
    0.5750062367E-01
    0.5758400545E-01
    0.5774871048E-01
    0.5783369722E-01
    0.5798040182E-01
    0.5807730035E-01
    0.5820600217E-01
    0.5830289089E-01
    0.5846759592E-01
    0.5856452556E-01
    0.5867268487E-01
    0.5874413550E-01
    0.5892935725E-01
    0.5902624442E-01
    0.5917294902E-01
    0.5926987259E-01
    0.5943458563E-01
    0.5953146145E-01
    0.5962161857E-01
    0.5970497763E-01
    0.5986969302E-01
    0.5998014470E-01
    0.6012688369E-01
    0.6019833509E-01
    0.6030652019E-01
    0.6041533439E-01
    0.6056196786E-01
    0.6064697693E-01
    0.6077319002E-01
    0.6085654908E-01
    0.6102129026E-01
    0.6111817821E-01
    0.6120832673E-01
    0.6129170851E-01
    0.6145641295E-01
    0.6152785222E-01
    0.6165406530E-01
    0.6175096538E-01
    0.6191814195E-01
    0.6200151237E-01
    0.6212772546E-01
    0.6218726765E-01
    0.6231346354E-01
    0.6242227128E-01
    0.6256899308E-01
    0.6265235782E-01
    0.6276052572E-01
    0.6283199339E-01
    0.6295818928E-01
    0.6302963422E-01
    0.6315584731E-01
    0.6326466719E-01
    0.6341138898E-01
    0.6349474804E-01
    0.6362096113E-01
    0.6369243447E-01
    0.6381864755E-01
    0.6389008682E-01
    0.6401628271E-01
    0.6409964178E-01
    0.6420780109E-01
    0.6427928578E-01
    0.6440549887E-01
    0.6448885793E-01
    0.6461505382E-01
    0.6469842424E-01
    0.6482465452E-01
    0.6490800223E-01
    0.6501615294E-01
    0.6508760357E-01
    0.6521381665E-01
    0.6529718707E-01
    0.6538484627E-01
    0.6544276724E-01
    0.6555095234E-01
    0.6563431708E-01
    0.6577854096E-01
    0.6584999158E-01
    0.6597622186E-01
    0.6605959228E-01
    0.6614725148E-01
    0.6620517322E-01
    0.6633138631E-01
    0.6647267769E-01
    0.6664804142E-01
    0.6694414327E-01
    0.6741046127E-01
    0.6798748413E-01
    0.6884301861E-01
    0.6939626022E-01
    0.7028789600E-01
    0.7082759053E-01
    0.7168313537E-01
    0.7224829109E-01
    0.7304480890E-01
    0.7358449207E-01
    0.7447614445E-01
    0.7501583898E-01
    0.7581240271E-01
    0.7633857402E-01
    0.7719165592E-01
    0.7774324752E-01
    0.7855778413E-01
    0.7904660401E-01
    0.7982269224E-01
    0.8061675629E-01
    0.8114592593E-01
    0.8168098103E-01
    0.8247753069E-01
    0.8297824687E-01
    0.8375429642E-01
    0.8425501505E-01
    0.8502857528E-01
    0.8551572166E-01
    0.8629178840E-01
    0.8676705758E-01
    0.8752259842E-01
    0.8800979178E-01
    0.8880387361E-01
    0.8931650675E-01
    0.9003358691E-01
    0.9052073329E-01
    0.9127631517E-01
    0.9174995538E-01
    0.9246694663E-01
    0.9291679668E-01
    0.9363383268E-01
    0.9409557052E-01
    0.9479212654E-01
    0.9526574571E-01
    0.9598274986E-01
    0.9644448770E-01
    0.9714106892E-01
    0.9758925077E-01
    0.9822922746E-01
    0.9866553404E-01
    0.9936206133E-01
    0.9978480508E-01
    0.1004813967E+00
    0.1009296149E+00
    0.1016261379E+00
    0.1020743201E+00
    0.1027323867E+00
    0.1031432403E+00
    0.1037832078E+00
    0.1042194872E+00
    0.1048570022E+00
    0.1052916458E+00
    0.1059496689E+00
    0.1063350773E+00
    0.1069751042E+00
    0.1073843276E+00
    0.1080218683E+00
    0.1084326926E+00
    0.1090341553E+00
    0.1094179397E+00
    0.1100554804E+00
    0.1104663072E+00
    0.1110267812E+00
    0.1114360203E+00
    0.1120374829E+00
    0.1123957730E+00
    0.1130333148E+00
    0.1134187432E+00
    0.1139792515E+00
    0.1143375415E+00
    0.1149185279E+00
    0.1156623004E+00
    0.1158464190E+00
    0.1166377739E+00
    0.1168280242E+00
    0.1174699307E+00
    0.1176540603E+00
    0.1184216543E+00
    0.1186119129E+00
    0.1192776393E+00
    0.1194548183E+00
    0.1201206103E+00
    0.1202785792E+00
    0.1209681389E+00
    0.1211583966E+00
    0.1218241756E+00
    0.1219882681E+00
    0.1226031279E+00
    0.1227611184E+00
    0.1234506790E+00
    0.1236208988E+00
    0.1242357906E+00
    0.1243998795E+00
    0.1249638400E+00
    0.1251279436E+00
    0.1257667015E+00
    0.1259116000E+00
    0.1264755362E+00
    0.1266326960E+00
    0.1271696141E+00
    0.1273077710E+00
    0.1279460631E+00
    0.1280974513E+00
    0.1286102883E+00
    0.1287485662E+00
    0.1293359660E+00
    0.1294742585E+00
    0.1299599829E+00
    0.1300912819E+00
    0.1306040105E+00
    0.1307361493E+00
    0.1312727796E+00
    0.1314041046E+00
    0.1318897941E+00
    0.1320149648E+00
    0.1324260764E+00
    0.1325442688E+00
    0.1329791023E+00
    0.1330981298E+00
    0.1335838557E+00
    0.1336889513E+00
    0.1340999832E+00
    0.1342120606E+00
    0.1346469040E+00
    0.1347651018E+00
    0.1351491257E+00
    0.1352419445E+00
    0.1356529999E+00
    0.1357580873E+00
    0.1361420962E+00
    0.1362472038E+00
    0.1366312056E+00
    0.1367170527E+00
    0.1370502350E+00
    0.1371422162E+00
    0.1374515351E+00
    0.1375312574E+00
    0.1378643666E+00
    0.1379563508E+00
    0.1382895165E+00
    0.1383622627E+00
    0.1386207180E+00
    0.1386995902E+00
    0.1390327436E+00
    0.1390993620E+00
    0.1393307961E+00
    0.1394096819E+00
    0.1396681811E+00
    0.1397409254E+00
    0.1399723232E+00
    0.1400127176E+00
    0.1402949540E+00
    0.1403607411E+00
    0.1405684334E+00
    0.1406280688E+00
    0.1408085986E+00
    0.1408612559E+00
    0.1410418456E+00
    0.1410822504E+00
    0.1412898457E+00
    0.1413232664E+00
    0.1414800301E+00
    0.1415396655E+00
    0.1416693942E+00
    0.1416966922E+00
    0.1418025879E+00
    0.1418421425E+00
    0.1419480261E+00
    0.1419683441E+00
    0.1421489165E+00
    0.1421823482E+00
    0.1422644293E+00
    0.1422786050E+00
    0.1423574593E+00
    0.1423777825E+00
    0.1424090184E+00
    0.1424100934E+00
    0.1424889477E+00
    0.1425031396E+00
    0.1425073540E+00
    0.1425145646E+00
    0.1425457730E+00
    0.1425529868E+00
    0.1425809596E+00
    0.1425758862E+00
    0.1425562982E+00
    0.1425504174E+00
    0.1425545768E+00
    0.1425495190E+00
    0.1424519351E+00
    0.1424329212E+00
    0.1423624773E+00
    0.1423504583E+00
    0.1423037788E+00
    0.1422786321E+00
    0.1421843234E+00
    0.1421723037E+00
    0.1420747694E+00
    0.1420303978E+00
    0.1419090538E+00
    0.1418838969E+00
    0.1417625122E+00
    0.1417111637E+00
    0.1415389682E+00
    0.1415077087E+00
    0.1413355315E+00
    0.1412972896E+00
    0.1411759274E+00
    0.1411184293E+00
    0.1408953917E+00
    0.1408510366E+00
    0.1406554931E+00
    0.1405842349E+00
    0.1403617787E+00
    0.1403169875E+00
    0.1400706680E+00
    0.1399993697E+00
    0.1397027647E+00
    0.1396311701E+00
    0.1393582156E+00
    0.1392803921E+00
    0.1390344355E+00
    0.1389628349E+00
    0.1386661949E+00
    0.1385750905E+00
    0.1382785037E+00
    0.1382006861E+00
    0.1378296070E+00
    0.1377314381E+00
    0.1374078787E+00
    0.1373167633E+00
    0.1369457166E+00
    0.1368413156E+00
    0.1364702651E+00
    0.1363658689E+00
    0.1360185655E+00
    0.1359212368E+00
    0.1354995841E+00
    0.1354013963E+00
    0.1351946935E+00
    0.1348649306E+00
    0.1345328654E+00
    0.1342985902E+00
    0.1339864755E+00
    0.1337274459E+00
    0.1333602264E+00
    0.1331135990E+00
    0.1327463985E+00
    0.1324873991E+00
    0.1321928061E+00
    0.1319585293E+00
    0.1315912975E+00
    0.1313048407E+00
    0.1308656592E+00
    0.1305774050E+00
    0.1301580099E+00
    0.1298697547E+00
    0.1294678289E+00
    0.1291528829E+00
    0.1287509064E+00
    0.1284626535E+00
    0.1280433092E+00
    0.1277283752E+00
    0.1272717142E+00
    0.1269567259E+00
    0.1265547679E+00
    0.1262273180E+00
    0.1257707036E+00
    0.1254432218E+00
    0.1249523395E+00
    0.1245934802E+00
    0.1241043121E+00
    0.1237453820E+00
    0.1232758243E+00
    0.1229439990E+00
    0.1224548586E+00
    0.1220561908E+00
    0.1215128900E+00
    0.1211540187E+00
    0.1206475536E+00
    0.1202489075E+00
    0.1197424952E+00
    0.1193438526E+00
    0.1188005389E+00
    0.1184019189E+00
    0.1178413072E+00
    0.1174155673E+00
    0.1168180644E+00
    0.1164194439E+00
    0.1158588627E+00
    0.1154204476E+00
    0.1148401872E+00
    0.1144162167E+00
    0.1138556519E+00
    0.1134443118E+00
    0.1128295779E+00
    0.1123641505E+00
    0.1117493473E+00
    0.1112829228E+00
    0.1106703645E+00
    0.1102298877E+00
    0.1096344888E+00
    0.1091413324E+00
    0.1084919717E+00
    0.1080387586E+00
    0.1074089469E+00
    0.1069013193E+00
    0.1061979969E+00
    0.1057048510E+00
    0.1050554734E+00
    0.1045750506E+00
    0.1038912858E+00
    0.1033836704E+00
    0.1026822079E+00
    0.1021456877E+00
    0.1014285669E+00
    0.1009322334E+00
    0.1002688330E+00
    0.9974513012E-01
    0.9902803488E-01
    0.9846415392E-01
    0.9774704833E-01
    0.9721051515E-01
    0.9643970757E-01
    0.9589038239E-01
    0.9520984834E-01
    0.9465877771E-01
    0.9388798215E-01
    0.9331128149E-01
    0.9255756785E-01
    0.9196803690E-01
    0.9118007818E-01
    0.9058882175E-01
    0.8981799566E-01
    0.8922698211E-01
    0.8849538171E-01
    0.8790129373E-01
    0.8707968868E-01
    0.8648735897E-01
    0.8564869869E-01
    0.8504346847E-01
    0.8427541073E-01
    0.8365557500E-01
    0.8281689627E-01
    0.8219707610E-01
    0.8135839571E-01
    0.8071106176E-01
    0.7987423927E-01
    0.7923748050E-01
    0.7836656111E-01
    0.7770211444E-01
    0.7688449460E-01
    0.7623478962E-01
    0.7534689717E-01
    0.7469544910E-01
    0.7384385075E-01
    0.7313876879E-01
    0.7225087035E-01
    0.7157347298E-01
    0.7068558486E-01
    0.7000819241E-01
    0.6910332690E-01
    0.6839825568E-01
    0.6751037133E-01
    0.6682003435E-01
    0.6584257143E-01
    0.6512259150E-01
    0.6422111467E-01
    0.6354045001E-01
    0.6260272485E-01
    0.6186819314E-01
    0.6096669046E-01
    0.6021738302E-01
    0.5924582907E-01
    0.5852433236E-01
    0.5756978137E-01
    0.5679442222E-01
    0.5580363903E-01
    0.5506910733E-01
    0.5411629726E-01
    0.5334926058E-01
    0.5236319536E-01
    0.5159616826E-01
    0.5061245061E-01
    0.4983232813E-01
    0.4881027073E-01
    0.4800212057E-01
    0.4699923382E-01
    0.4621908927E-01
    0.4525220602E-01
    0.4447208688E-01
    0.4343551527E-01
    0.4265537569E-01
    0.4161650589E-01
    0.4078217961E-01
    0.3972647805E-01
    0.3891832788E-01
    0.3788175847E-01
    0.3704745050E-01
    0.3599177467E-01
    0.3516788487E-01
    0.3409932220E-01
    0.3327417947E-01
    0.3216983333E-01
    0.3129021001E-01
    0.3025748899E-01
    0.2943231944E-01
    0.2836377441E-01
    0.2748415779E-01
    0.2636301027E-01
    0.2551151329E-01
    0.2442620160E-01
    0.2351846320E-01
    0.2266694611E-01
    0.2154576659E-01
    0.2094934291E-01
    0.2049546975E-01
    0.2037849602E-01
    0.2028319580E-01
    0.2019344899E-01
    0.2000964973E-01
    0.1989356750E-01
    0.1976239364E-01
    0.1950707055E-01
    0.1947743850E-01
    0.1926961561E-01
    0.1924334946E-01
    0.1898233208E-01
    0.1894552313E-01
    0.1868086214E-01
    0.1865123854E-01
    0.1839028626E-01
    0.1836065935E-01
    0.1806948782E-01
    0.1802931982E-01
    0.1782512787E-01
    0.1780267444E-01
    0.1748485871E-01
    0.1744470064E-01
    0.1715350031E-01
    0.1711669980E-01
    0.1691249432E-01
    0.1687614416E-01
    0.1653181790E-01
    0.1649883193E-01
    0.1618101620E-01
    0.1614466776E-01
    0.1594047581E-01
    0.1590031775E-01
    0.1555592465E-01
    0.1552293355E-01
    0.1523536588E-01
    0.1519902417E-01
    0.1488126260E-01
    0.1483437649E-01
    0.1452019084E-01
    0.1449438349E-01
    0.1420677520E-01
    0.1416325328E-01
    0.1381891434E-01
    0.1377202823E-01
    0.1351468154E-01
    0.1347833139E-01
    0.1313393829E-01
    0.1309423593E-01
    0.1278009089E-01
    0.1274374758E-01
    0.1242956193E-01
    0.1238268095E-01
    0.1201176464E-01
    0.1197923234E-01
    0.1166504668E-01
    0.1161816742E-01
    0.1130403592E-01
    0.1126432672E-01
    0.1095018168E-01
    0.1091047932E-01
    0.1051293148E-01
    0.1046986835E-01
    0.1021252167E-01
    0.1016563727E-01
    0.9824928405E-02
    0.9789037047E-02
    0.9391489212E-02
    0.9341249183E-02
    0.9110479867E-02
    0.9067418451E-02
    0.8726655427E-02
    0.8690764069E-02
    0.8293256853E-02
    0.8243011690E-02
    0.7905878739E-02
    0.7862817323E-02
    0.7522108458E-02
    0.7486223945E-02
    0.7145460921E-02
    0.7102397794E-02
    0.6761688928E-02
    0.6715261615E-02
    0.6347961840E-02
    0.6312077327E-02
    0.5944750474E-02
    0.5891146258E-02
    0.5607208663E-02
    0.5571324151E-02
    0.5203983757E-02
    0.5157561577E-02
    0.4847060154E-02
    0.4807811454E-02
    0.4440525220E-02
    0.4401279943E-02
    0.4090764978E-02
    0.4044337665E-02
    0.3733795623E-02
    0.3691193004E-02
    0.3297315861E-02
    0.3258072295E-02
    0.2977737694E-02
    0.2927956461E-02
    0.2560656687E-02
    0.2521407988E-02
    0.2267691374E-02
    0.2228446097E-02
    0.1834582493E-02
    0.1791974740E-02
    0.1428264420E-02
    0.1382301037E-02
    0.1128570885E-02
    0.1096504222E-02
    0.7025999995E-03
    0.6599841284E-03
    0.3796766067E-03
    0.3370787933E-03
    0.6272837160E-16
        1123
    0.0000000000E+00
    0.1921136617E-04
    0.4757733301E-04
    0.4098019248E-04
    0.6933107310E-04
    0.5063767219E-04
    0.4091639489E-04
    0.6012487686E-04
    0.5281052098E-04
    0.4620761210E-04
    0.7463120240E-04
    0.8176728438E-04
    0.7202048288E-04
    0.1171373775E-03
    0.1454882582E-03
    0.1267890876E-03
    0.9921914253E-04
    0.1184305087E-03
    0.1914399477E-03
    0.2105313094E-03
    0.2211294515E-03
    0.2402215944E-03
    0.3070179311E-03
    0.3141303908E-03
    0.3043534963E-03
    0.3491036946E-03
    0.4158988632E-03
    0.3973389509E-03
    0.4079102790E-03
    0.4526503214E-03
    0.4811975423E-03
    0.5259836689E-03
    0.5927691207E-03
    0.6118820913E-03
    0.6608183400E-03
    0.6798766371E-03
    0.7466407191E-03
    0.7794010797E-03
    0.7696059179E-03
    0.8143589797E-03
    0.8811755219E-03
    0.9259457653E-03
    0.9748369346E-03
    0.9939772413E-03
    0.1099083702E-02
    0.1143790683E-02
    0.1172306815E-02
    0.1217120278E-02
    0.1266019996E-02
    0.1324385819E-02
    0.1391199253E-02
    0.1398323951E-02
    0.1503406708E-02
    0.1548168361E-02
    0.1576738120E-02
    0.1647162773E-02
    0.1713935402E-02
    0.1758686900E-02
    0.1863806186E-02
    0.1908577212E-02
    0.1975345568E-02
    0.2024337095E-02
    0.2111862988E-02
    0.2181978845E-02
    0.2287471559E-02
    0.2320068775E-02
    0.2348602974E-02
    0.2418666490E-02
    0.2524191561E-02
    0.2594315968E-02
    0.2681723345E-02
    0.2751771832E-02
    0.2857227898E-02
    0.2876261646E-02
    0.2981734866E-02
    0.3051813410E-02
    0.3139350223E-02
    0.3209432394E-02
    0.3314815166E-02
    0.3384908738E-02
    0.3451936230E-02
    0.3535609078E-02
    0.3641093215E-02
    0.3711184715E-02
    0.3816621287E-02
    0.3886684025E-02
    0.4030564379E-02
    0.4100664429E-02
    0.4206079562E-02
    0.4276164584E-02
    0.4363681901E-02
    0.4459315749E-02
    0.4603196103E-02
    0.4673281125E-02
    0.4778790991E-02
    0.4862463839E-02
    0.4967838035E-02
    0.5012388481E-02
    0.5156268835E-02
    0.5251899833E-02
    0.5395767323E-02
    0.5465855195E-02
    0.5571365061E-02
    0.5666987509E-02
    0.5810867864E-02
    0.5918451311E-02
    0.6044347693E-02
    0.6114423387E-02
    0.6181450880E-02
    0.6277073328E-02
    0.6420962258E-02
    0.6504635107E-02
    0.6648506885E-02
    0.6744137883E-02
    0.6888026813E-02
    0.6983657811E-02
    0.7127546741E-02
    0.7223166339E-02
    0.7367033830E-02
    0.7462664827E-02
    0.7588561209E-02
    0.7684177958E-02
    0.7828075464E-02
    0.7923706462E-02
    0.8067578240E-02
    0.8163209238E-02
    0.8383942453E-02
    0.8467615301E-02
    0.8611508520E-02
    0.8732680572E-02
    0.8876556638E-02
    0.8972190486E-02
    0.9154458481E-02
    0.9250080929E-02
    0.9393978435E-02
    0.9515141159E-02
    0.9679526547E-02
    0.9775163245E-02
    0.9919030735E-02
    0.1006572519E-01
    0.1024800176E-01
    0.1033166606E-01
    0.1047553783E-01
    0.1059670626E-01
    0.1077898283E-01
    0.1090015125E-01
    0.1108250112E-01
    0.1117812356E-01
    0.1132199963E-01
    0.1144315588E-01
    0.1160752177E-01
    0.1172871533E-01
    0.1191098332E-01
    0.1203213957E-01
    0.1225285563E-01
    0.1237402406E-01
    0.1255642343E-01
    0.1266563941E-01
    0.1284786647E-01
    0.1296903567E-01
    0.1315133173E-01
    0.1329801686E-01
    0.1348033865E-01
    0.1360149567E-01
    0.1382222460E-01
    0.1396893615E-01
    0.1413326540E-01
    0.1425445248E-01
    0.1447524184E-01
    0.1459637736E-01
    0.1481704157E-01
    0.1495178927E-01
    0.1513415863E-01
    0.1528090101E-01
    0.1550160187E-01
    0.1564830124E-01
    0.1583061446E-01
    0.1595174428E-01
    0.1621088463E-01
    0.1635763634E-01
    0.1650399448E-01
    0.1662512430E-01
    0.1684583179E-01
    0.1701809942E-01
    0.1723887357E-01
    0.1738560378E-01
    0.1760631010E-01
    0.1774100908E-01
    0.1800018920E-01
    0.1814693521E-01
    0.1836767272E-01
    0.1853989734E-01
    0.1876063601E-01
    0.1890733046E-01
    0.1911012610E-01
    0.1925682625E-01
    0.1951594594E-01
    0.1966265749E-01
    0.1988340046E-01
    0.2005567819E-01
    0.2027641687E-01
    0.2041111016E-01
    0.2063185624E-01
    0.2080412957E-01
    0.2110886426E-01
    0.2125452760E-01
    0.2147634585E-01
    0.2164732919E-01
    0.2187157005E-01
    0.2203072940E-01
    0.2229113556E-01
    0.2243679454E-01
    0.2269718347E-01
    0.2289353388E-01
    0.2311526556E-01
    0.2327441641E-01
    0.2357352645E-01
    0.2371917616E-01
    0.2397953375E-01
    0.2417588982E-01
    0.2443624193E-01
    0.2460724740E-01
    0.2488825637E-01
    0.2505928164E-01
    0.2530156402E-01
    0.2549791443E-01
    0.2575830552E-01
    0.2592933298E-01
    0.2622832295E-01
    0.2640094138E-01
    0.2666142119E-01
    0.2683245855E-01
    0.2713145499E-01
    0.2730240849E-01
    0.2752665150E-01
    0.2774840166E-01
    0.2804740671E-01
    0.2821844832E-01
    0.2851743829E-01
    0.2871379436E-01
    0.2897422011E-01
    0.2914680870E-01
    0.2948438777E-01
    0.2965542513E-01
    0.2993640590E-01
    0.3015808775E-01
    0.3043901447E-01
    0.3063539472E-01
    0.3093438469E-01
    0.3111887548E-01
    0.3143845513E-01
    0.3163480696E-01
    0.3189519589E-01
    0.3211693601E-01
    0.3241591952E-01
    0.3260043307E-01
    0.3290197649E-01
    0.3311180374E-01
    0.3341080351E-01
    0.3360718942E-01
    0.3394475869E-01
    0.3416646473E-01
    0.3444739144E-01
    0.3463190499E-01
    0.3500816188E-01
    0.3521800546E-01
    0.3553753968E-01
    0.3574741310E-01
    0.3602834196E-01
    0.3625002947E-01
    0.3662627128E-01
    0.3682268562E-01
    0.3710361879E-01
    0.3733878816E-01
    0.3771502017E-01
    0.3791137199E-01
    0.3819234747E-01
    0.3841570841E-01
    0.3875577707E-01
    0.3900283166E-01
    0.3930181301E-01
    0.3948635641E-01
    0.3984453710E-01
    0.4009157882E-01
    0.4046780535E-01
    0.4067764893E-01
    0.4099721351E-01
    0.4123244114E-01
    0.4159063809E-01
    0.4182585582E-01
    0.4214537378E-01
    0.4235522945E-01
    0.4271337979E-01
    0.4296046627E-01
    0.4331860153E-01
    0.4351656208E-01
    0.4385417248E-01
    0.4411474017E-01
    0.4449345004E-01
    0.4474421788E-01
    0.4510353844E-01
    0.4531236453E-01
    0.4567162438E-01
    0.4593095923E-01
    0.4630840669E-01
    0.4653060935E-01
    0.4691049908E-01
    0.4716981973E-01
    0.4749041062E-01
    0.4773632000E-01
    0.4813431816E-01
    0.4839363458E-01
    0.4879167617E-01
    0.4901391352E-01
    0.4939380639E-01
    0.4962788641E-01
    0.4998719184E-01
    0.5024652030E-01
    0.5038288906E-01
    0.5078085893E-01
    0.5090381081E-01
    0.5107440233E-01
    0.5120895126E-01
    0.5127138300E-01
    0.5157274297E-01
    0.5162844988E-01
    0.5185442618E-01
    0.5191603527E-01
    0.5219338243E-01
    0.5226174220E-01
    0.5248779452E-01
    0.5254350637E-01
    0.5276950272E-01
    0.5285640760E-01
    0.5318508551E-01
    0.5324079633E-01
    0.5349078545E-01
    0.5355241475E-01
    0.5382976633E-01
    0.5389809987E-01
    0.5412410767E-01
    0.5419245751E-01
    0.5444249843E-01
    0.5451677245E-01
    0.5484543162E-01
    0.5490114950E-01
    0.5515118599E-01
    0.5521951177E-01
    0.5547280576E-01
    0.5554115559E-01
    0.5581846968E-01
    0.5587419186E-01
    0.5612431478E-01
    0.5620529727E-01
    0.5648259705E-01
    0.5654421499E-01
    0.5682153767E-01
    0.5690253825E-01
    0.5717981199E-01
    0.5722959690E-01
    0.5750692817E-01
    0.5758119225E-01
    0.5785853524E-01
    0.5792689783E-01
    0.5822824635E-01
    0.5830251042E-01
    0.5850454133E-01
    0.5857289296E-01
    0.5890162554E-01
    0.5896406934E-01
    0.5921398792E-01
    0.5930089280E-01
    0.5962958788E-01
    0.5968529479E-01
    0.5988726531E-01
    0.5996233183E-01
    0.6031501553E-01
    0.6038928031E-01
    0.6066662303E-01
    0.6072234521E-01
    0.6092437326E-01
    0.6100536069E-01
    0.6135797098E-01
    0.6142631375E-01
    0.6170362784E-01
    0.6178464370E-01
    0.6203793769E-01
    0.6208770520E-01
    0.6238908261E-01
    0.6247602259E-01
    0.6278062260E-01
    0.6284896037E-01
    0.6312638979E-01
    0.6320146304E-01
    0.6350602582E-01
    0.6357436366E-01
    0.6387572362E-01
    0.6415301481E-01
    0.6423402072E-01
    0.6448738369E-01
    0.6455573423E-01
    0.6490833149E-01
    0.6498341007E-01
    0.6523685088E-01
    0.6531112170E-01
    0.6563971031E-01
    0.6572069601E-01
    0.6599802728E-01
    0.6606047108E-01
    0.6638910448E-01
    0.6647602918E-01
    0.6672932317E-01
    0.6679174888E-01
    0.6712045985E-01
    0.6719553311E-01
    0.6747286437E-01
    0.6754712633E-01
    0.6785171073E-01
    0.6792680740E-01
    0.6827952702E-01
    0.6836051162E-01
    0.6866509602E-01
    0.6874016856E-01
    0.6899347401E-01
    0.6906181961E-01
    0.6939043712E-01
    0.6947145580E-01
    0.6974877561E-01
    0.6982383610E-01
    0.7017980019E-01
    0.7026673523E-01
    0.7054407795E-01
    0.7060650154E-01
    0.7093518804E-01
    0.7102290743E-01
    0.7132756523E-01
    0.7140264233E-01
    0.7170725120E-01
    0.7179418020E-01
    0.7207149429E-01
    0.7214656081E-01
    0.7252655073E-01
    0.7258897715E-01
    0.7289356154E-01
    0.7298721217E-01
    0.7329187284E-01
    0.7336021773E-01
    0.7366487554E-01
    0.7375261975E-01
    0.7408126590E-01
    0.7415633845E-01
    0.7448499631E-01
    0.7456598092E-01
    0.7487058978E-01
    0.7495832123E-01
    0.7533822472E-01
    0.7541329797E-01
    0.7571800472E-01
    0.7579310139E-01
    0.7609768136E-01
    0.7617866597E-01
    0.7653463865E-01
    0.7662236798E-01
    0.7689968207E-01
    0.7696210778E-01
    0.7731804298E-01
    0.7740576910E-01
    0.7776174178E-01
    0.7785539241E-01
    0.7810871086E-01
    0.7818378341E-01
    0.7856376891E-01
    0.7865150035E-01
    0.7895613655E-01
    0.7904385664E-01
    0.7939985379E-01
    0.7946818945E-01
    0.7974873656E-01
    0.7983646800E-01
    0.8019247218E-01
    0.8026755679E-01
    0.8064747773E-01
    0.8073520488E-01
    0.8103986268E-01
    0.8113352043E-01
    0.8148941814E-01
    0.8155855835E-01
    0.8191453103E-01
    0.8200226851E-01
    0.8228286014E-01
    0.8235793339E-01
    0.8273792331E-01
    0.8283829556E-01
    0.8314289584E-01
    0.8323061804E-01
    0.8356259353E-01
    0.8363768417E-01
    0.8399360791E-01
    0.8408133332E-01
    0.8441003128E-01
    0.8449182654E-01
    0.8482373747E-01
    0.8489882060E-01
    0.8525474434E-01
    0.8536102480E-01
    0.8569302476E-01
    0.8577484196E-01
    0.8613069516E-01
    0.8620576770E-01
    0.8658581516E-01
    0.8668026220E-01
    0.8701209113E-01
    0.8709983745E-01
    0.8743181294E-01
    0.8750688549E-01
    0.8781149435E-01
    0.8791185846E-01
    0.8829513164E-01
    0.8837693787E-01
    0.8873286161E-01
    0.8882059376E-01
    0.8912525157E-01
    0.8920706383E-01
    0.8959032973E-01
    0.8968478279E-01
    0.9004072242E-01
    0.9012171306E-01
    0.9050495032E-01
    0.9059939241E-01
    0.9087999263E-01
    0.9096179565E-01
    0.9136913215E-01
    0.9145686360E-01
    0.9186410508E-01
    0.9195857194E-01
    0.9223914326E-01
    0.9232093570E-01
    0.9270417739E-01
    0.9279190954E-01
    0.9312393396E-01
    0.9321839409E-01
    0.9355025165E-01
    0.9364469766E-01
    0.9402791904E-01
    0.9410973021E-01
    0.9449300053E-01
    0.9457481280E-01
    0.9490681718E-01
    0.9500126422E-01
    0.9535715490E-01
    0.9545161400E-01
    0.9583485542E-01
    0.9592930246E-01
    0.9631257278E-01
    0.9640029005E-01
    0.9673227282E-01
    0.9681409003E-01
    0.9719728694E-01
    0.9729173397E-01
    0.9759962324E-01
    0.9767551029E-01
    0.9805873167E-01
    0.9815318544E-01
    0.9848523877E-01
    0.9857969183E-01
    0.9893884703E-01
    0.9903330613E-01
    0.9941652751E-01
    0.9950505537E-01
    0.9991235438E-01
    0.1000068014E+00
    0.1003147282E+00
    0.1004032801E+00
    0.1008378078E+00
    0.1009322729E+00
    0.1010081359E+00
    0.1013490930E+00
    0.1016536087E+00
    0.1018327830E+00
    0.1021013407E+00
    0.1022925251E+00
    0.1025994848E+00
    0.1027786713E+00
    0.1030652135E+00
    0.1032187914E+00
    0.1034490139E+00
    0.1036538334E+00
    0.1039607565E+00
    0.1041519330E+00
    0.1070668367E+00
    0.1115510715E+00
    0.1145291493E+00
    0.1190695963E+00
    0.1220852670E+00
    0.1265873581E+00
    0.1295654604E+00
    0.1342186660E+00
    0.1372975051E+00
    0.1419890471E+00
    0.1450799311E+00
    0.1498277474E+00
    0.1545935304E+00
    0.1578001667E+00
    0.1642347830E+00
    0.1657697003E+00
    0.1722041628E+00
    0.1737765876E+00
    0.1803888044E+00
    0.1819344919E+00
    0.1885203445E+00
    0.1901233165E+00
    0.1968082304E+00
    0.1983984644E+00
    0.2051586498E+00
    0.2067608030E+00
    0.2135482059E+00
    0.2151759021E+00
    0.2220112082E+00
    0.2236321187E+00
    0.2304914457E+00
    0.2321497993E+00
    0.2356426600E+00
    0.2364561205E+00
    0.2398977364E+00
    0.2407426651E+00
    0.2442595064E+00
    0.2450916820E+00
    0.2485829520E+00
    0.2494258495E+00
    0.2529447399E+00
    0.2537621906E+00
    0.2572810444E+00
    0.2581299168E+00
    0.2616488239E+00
    0.2624976914E+00
    0.2660405804E+00
    0.2668894479E+00
    0.2704563724E+00
    0.2713052369E+00
    0.2748240987E+00
    0.2756602537E+00
    0.2792783564E+00
    0.2801391269E+00
    0.2818909318E+00
    0.2845472134E+00
    0.2872778454E+00
    0.2890192184E+00
    0.2917318639E+00
    0.2935226403E+00
    0.2962353191E+00
    0.2979766785E+00
    0.3007073326E+00
    0.3024981367E+00
    0.3051904181E+00
    0.3069812537E+00
    0.3097298229E+00
    0.3114831166E+00
    0.3142138224E+00
    0.3160166085E+00
    0.3188036103E+00
    0.3205944391E+00
    0.3233430640E+00
    0.3251458218E+00
    0.3279124256E+00
    0.3297151810E+00
    0.3324818084E+00
    0.3342965529E+00
    0.3370451297E+00
    0.3388479087E+00
    0.3416325064E+00
    0.3434472367E+00
    0.3462522645E+00
    0.3480670072E+00
    0.3508335724E+00
    0.3526483127E+00
    0.3554509217E+00
    0.3572776120E+00
    0.3600621679E+00
    0.3618881138E+00
    0.3646929256E+00
    0.3665174371E+00
    0.3693991104E+00
    0.3712236468E+00
    0.3740464294E+00
    0.3758828793E+00
    0.3786696710E+00
    0.3805571615E+00
    0.3833799505E+00
    0.3852164006E+00
    0.3880776154E+00
    0.3899260196E+00
    0.3927872741E+00
    0.3946356790E+00
    0.3974764367E+00
    0.3993503409E+00
    0.4021731449E+00
    0.4040215597E+00
    0.4069367769E+00
    0.4087851715E+00
    0.4116259276E+00
    0.4134862916E+00
    0.4163685996E+00
    0.4182510485E+00
    0.4211517403E+00
    0.4230087460E+00
    0.4258709644E+00
    0.4277398715E+00
    0.4306200566E+00
    0.4325518512E+00
    0.4355090528E+00
    0.4373779600E+00
    0.4402581604E+00
    0.4421270836E+00
    0.4450253293E+00
    0.4468942621E+00
    0.4497744400E+00
    0.4516926723E+00
    0.4546113857E+00
    0.4564922157E+00
    0.4594469181E+00
    0.4613277591E+00
    0.4642260042E+00
    0.4661187527E+00
    0.4699595493E+00
    0.4709410322E+00
    0.4719225150E+00
    0.4758112901E+00
    0.4768057478E+00
    0.4806706711E+00
    0.4816651080E+00
    0.4854790203E+00
    0.4864726288E+00
    0.4904124121E+00
    0.4913999525E+00
    0.4952649153E+00
    0.4962524717E+00
    0.5000902385E+00
    0.5010838511E+00
    0.5049964996E+00
    0.5060030563E+00
    0.5098408232E+00
    0.5108405158E+00
    0.5147531252E+00
    0.5157406707E+00
    0.5196038146E+00
    0.5205997627E+00
    0.5244760518E+00
    0.5254878388E+00
    0.5294635013E+00
    0.5304810764E+00
    0.5343311619E+00
    0.5353487152E+00
    0.5392226657E+00
    0.5402402467E+00
    0.5441379576E+00
    0.5451555159E+00
    0.5491041252E+00
    0.5501085879E+00
    0.5540062988E+00
    0.5550300079E+00
    0.5589277356E+00
    0.5599383331E+00
    0.5638598469E+00
    0.5648704451E+00
    0.5687411028E+00
    0.5697516953E+00
    0.5736732091E+00
    0.5746960791E+00
    0.5786414803E+00
    0.5796713251E+00
    0.5835419347E+00
    0.5845455605E+00
    0.5884909254E+00
    0.5895076468E+00
    0.5934020952E+00
    0.5944310992E+00
    0.5983764156E+00
    0.5993931472E+00
    0.6033352133E+00
    0.6043449724E+00
    0.6082395184E+00
    0.6092746522E+00
    0.6131929151E+00
    0.6142026794E+00
    0.6181238749E+00
    0.6191556989E+00
    0.6230833932E+00
    0.6241199183E+00
    0.6279968736E+00
    0.6290271964E+00
    0.6329785903E+00
    0.6340151301E+00
    0.6378177167E+00
    0.6388542513E+00
    0.6428293242E+00
    0.6438525761E+00
    0.6477295350E+00
    0.6487660748E+00
    0.6526905461E+00
    0.6537262405E+00
    0.6576031646E+00
    0.6586193369E+00
    0.6624424849E+00
    0.6634719582E+00
    0.6673726340E+00
    0.6684021029E+00
    0.6722995714E+00
    0.6733219644E+00
    0.6772700345E+00
    0.6782986585E+00
    0.6820980549E+00
    0.6831142237E+00
    0.6870116800E+00
    0.6880402993E+00
    0.6919614647E+00
    0.6929838577E+00
    0.6967800029E+00
    0.6977988962E+00
    0.7017256965E+00
    0.7027819337E+00
    0.7065843065E+00
    0.7076070580E+00
    0.7114061971E+00
    0.7124560822E+00
    0.7163291774E+00
    0.7173718709E+00
    0.7211709937E+00
    0.7222000950E+00
    0.7260731797E+00
    0.7271022870E+00
    0.7308509859E+00
    0.7318800840E+00
    0.7357027934E+00
    0.7394751079E+00
    0.7405105642E+00
    0.7443568435E+00
    0.7453850783E+00
    0.7491069541E+00
    0.7501297109E+00
    0.7539256149E+00
    0.7549601983E+00
    0.7559685036E+00
    0.7597644048E+00
    0.7607998611E+00
    0.7645453504E+00
    0.7655600314E+00
    0.7693055136E+00
    0.7703104236E+00
    0.7740319086E+00
    0.7750717392E+00
    0.7788058858E+00
    0.7798246920E+00
    0.7835320904E+00
    0.7845646043E+00
    0.7882955419E+00
    0.7893079194E+00
    0.7930152715E+00
    0.7940267675E+00
    0.7977341899E+00
    0.7987529960E+00
    0.8024336718E+00
    0.8034524780E+00
    0.8071331016E+00
    0.8081583159E+00
    0.8118892986E+00
    0.8128943725E+00
    0.8165750004E+00
    0.8175727887E+00
    0.8212267571E+00
    0.8222382650E+00
    0.8258184522E+00
    0.8268162278E+00
    0.8305471654E+00
    0.8315554224E+00
    0.8351065289E+00
    0.8387581002E+00
    0.8387581002E+00
    0.8397784427E+00
    0.8417787424E+00
    0.8444179038E+00
    0.8464033059E+00
    0.8490226239E+00
    0.8510486706E+00
    0.8536510156E+00
    0.8556364137E+00
    0.8582557612E+00
    0.8602393644E+00
    0.8628054663E+00
    0.8647631713E+00
    0.8673632009E+00
    0.8693745096E+00
    0.8719768760E+00
    0.8739346073E+00
    0.8765176558E+00
    0.8816645042E+00
    0.8856079445E+00
    0.8906826689E+00
    0.8946282757E+00
    0.8997560955E+00
    0.9036591055E+00
    0.9086763839E+00
    0.9126314514E+00
    0.9176438290E+00
    0.9215840398E+00
    0.9266132727E+00
    0.9304843568E+00
    0.9353888060E+00
    0.9392730150E+00
    0.9442134061E+00
    0.9480547555E+00
    0.9519470866E+00
    0.9568667882E+00
    0.9587826454E+00
    0.9612245195E+00
    0.9621758561E+00
    0.9634242780E+00
    0.9639196660E+00
    0.9644984713E+00
    0.9649408894E+00
    0.9650218837E+00
    0.9650786204E+00
    0.9656249952E+00
    0.9656977150E+00
    0.9661157574E+00
    0.9664338341E+00
    0.9666683731E+00
    0.9669314574E+00
    0.9671528361E+00
    0.9674349867E+00
    0.9676695258E+00
    0.9680043093E+00
    0.9682257148E+00
    0.9684720239E+00
    0.9687065638E+00
    0.9689887356E+00
    0.9691688196E+00
    0.9694509703E+00
    0.9697136200E+00
    0.9699599963E+00
    0.9701682634E+00
    0.9704694976E+00
    0.9706495848E+00
    0.9709149602E+00
    0.9711363255E+00
    0.9713826506E+00
    0.9715627471E+00
    0.9718114158E+00
    0.9720196198E+00
    0.9722849953E+00
    0.9725213328E+00
    0.9727508667E+00
    0.9729177895E+00
    0.9731831649E+00
    0.9733914092E+00
    0.9736400135E+00
    0.9738482310E+00
    0.9740968996E+00
    0.9742638350E+00
    0.9745292104E+00
    0.9747242935E+00
    0.9749202890E+00
    0.9750872251E+00
    0.9753358465E+00
    0.9755177281E+00
    0.9757663797E+00
    0.9759745869E+00
    0.9761705703E+00
    0.9763374931E+00
    0.9766028857E+00
    0.9767847673E+00
    0.9769807507E+00
    0.9771626954E+00
    0.9773945325E+00
    0.9775614553E+00
    0.9778100596E+00
    0.9780051024E+00
    0.9781652442E+00
    0.9783190089E+00
    0.9785509023E+00
    0.9787328376E+00
    0.9789455962E+00
    0.9791274778E+00
    0.9793425277E+00
    0.9794681692E+00
    0.9796999943E+00
    0.9798818893E+00
    0.9800779411E+00
    0.9802185415E+00
    0.9804145249E+00
    0.9805964065E+00
    0.9807756148E+00
    0.9809012562E+00
    0.9811330984E+00
    0.9813018725E+00
    0.9814810807E+00
    0.9816761235E+00
    0.9818721070E+00
    0.9819845872E+00
    0.9821637955E+00
    0.9823325159E+00
    0.9825117925E+00
    0.9826374876E+00
    0.9828693127E+00
    0.9830380331E+00
    0.9831813997E+00
    0.9832938799E+00
    0.9834730882E+00
    0.9836418220E+00
    0.9838210986E+00
    0.9839616989E+00
    0.9841409071E+00
    0.9842946687E+00
    0.9844380353E+00
    0.9845786356E+00
    0.9849729108E+00
    0.9852260451E+00
    0.9855486199E+00
    0.9857885393E+00
    0.9861111825E+00
    0.9863924368E+00
    0.9866982364E+00
    0.9869231969E+00
    0.9872457717E+00
    0.9874856911E+00
    0.9877198758E+00
    0.9879729698E+00
    0.9882787694E+00
    0.9884492875E+00
    0.9887192625E+00
    0.9889311155E+00
    0.9893830979E+00
    0.9894371541E+00
    0.9894912103E+00
    0.9899189114E+00
    0.9899662631E+00
    0.9903674952E+00
    0.9904215616E+00
    0.9908492627E+00
    0.9908999625E+00
    0.9912442761E+00
    0.9912806170E+00
    0.9915983785E+00
    0.9916457166E+00
    0.9920468404E+00
    0.9920903606E+00
    0.9924347266E+00
    0.9924854263E+00
    0.9928866313E+00
    0.9929268003E+00
    0.9932180929E+00
    0.9932582574E+00
    0.9935458116E+00
    0.9935859822E+00
    0.9939605303E+00
    0.9940006915E+00
    0.9942918757E+00
    0.9943358581E+00
    0.9946536133E+00
    0.9946904154E+00
    0.9950117881E+00
    0.9950414101E+00
    0.9953023805E+00
    0.9953463595E+00
    0.9956376520E+00
    0.9956711055E+00
    0.9959924972E+00
    0.9960292993E+00
    0.9963205665E+00
    0.9963540224E+00
    0.9965618444E+00
    0.9965952875E+00
    0.9969166809E+00
    0.9969501207E+00
    0.9972147275E+00
    0.9972553509E+00
    0.9975501588E+00
    0.9975802396E+00
    0.9978449548E+00
    0.9978645028E+00
    0.9980191448E+00
    0.9980526007E+00
    0.9982906302E+00
    0.9983173519E+00
    0.9985554643E+00
    0.9985821869E+00
    0.9987936326E+00
    0.9988131936E+00
    0.9989678419E+00
    0.9989864723E+00
    0.9991338731E+00
    0.9991453267E+00
    0.9992093716E+00
    0.9992141063E+00
    0.9992213410E+00
    0.9992327922E+00
    0.9993802264E+00
    0.9993883201E+00
    0.9994523651E+00
    0.9994604596E+00
    0.9994677197E+00
    0.9994791743E+00
    0.9995999977E+00
    0.9996047323E+00
    0.9996687583E+00
    0.9996730349E+00
    0.9996803971E+00
    0.9996923094E+00
    0.9998131392E+00
    0.9998140536E+00
    0.9997947110E+00
    0.9997922695E+00
    0.9998261070E+00
    0.9998375743E+00
    0.9999584853E+00
    0.9999632175E+00
    0.9999438191E+00
    0.9999447359E+00
    0.9999520519E+00
    0.9999496104E+00
    0.9999303203E+00
    0.9999312347E+00
    0.9999952543E+00
    0.1000000000E+01
    0.0000000000E+00
   -0.2430578623E-03
   -0.6015054228E-03
   -0.8566726593E-03
   -0.1215182677E-02
   -0.1444505221E-02
   -0.1820856560E-02
   -0.2063908260E-02
   -0.2346121780E-02
   -0.2601276692E-02
   -0.2959752679E-02
   -0.3176978567E-02
   -0.3553275377E-02
   -0.3784238553E-02
   -0.4142748571E-02
   -0.4372058790E-02
   -0.4710274932E-02
   -0.4953332795E-02
   -0.5294518988E-02
   -0.5535877896E-02
   -0.5857805079E-02
   -0.6099133787E-02
   -0.6441372081E-02
   -0.6657041435E-02
   -0.7035196733E-02
   -0.7264479240E-02
   -0.7606762613E-02
   -0.7834447576E-02
   -0.8156365043E-02
   -0.8385689596E-02
   -0.8745918939E-02
   -0.8975214464E-02
   -0.9317524651E-02
   -0.9558865986E-02
   -0.9862849533E-02
   -0.1010420154E-01
   -0.1044646606E-01
   -0.1065013126E-01
   -0.1102829511E-01
   -0.1125758374E-01
   -0.1159991277E-01
   -0.1182923810E-01
   -0.1213322048E-01
   -0.1237455648E-01
   -0.1269888650E-01
   -0.1292820415E-01
   -0.1328841465E-01
   -0.1351770484E-01
   -0.1382170548E-01
   -0.1401337147E-01
   -0.1435564629E-01
   -0.1457130992E-01
   -0.1489568443E-01
   -0.1512499141E-01
   -0.1548522134E-01
   -0.1570252456E-01
   -0.1604480735E-01
   -0.1627415637E-01
   -0.1659851379E-01
   -0.1682780892E-01
   -0.1717008258E-01
   -0.1739861398E-01
   -0.1768560578E-01
   -0.1790183445E-01
   -0.1822721389E-01
   -0.1842992301E-01
   -0.1879132185E-01
   -0.1900759729E-01
   -0.1933295042E-01
   -0.1954919736E-01
   -0.1983622229E-01
   -0.2005249734E-01
   -0.2037789393E-01
   -0.2061807544E-01
   -0.2094350868E-01
   -0.2115978451E-01
   -0.2144670418E-01
   -0.2166295604E-01
   -0.2198838694E-01
   -0.2220466316E-01
   -0.2254803456E-01
   -0.2272680873E-01
   -0.2305216984E-01
   -0.2326840991E-01
   -0.2359386031E-01
   -0.2381016580E-01
   -0.2411757842E-01
   -0.2433383676E-01
   -0.2465924135E-01
   -0.2487549929E-01
   -0.2516247277E-01
   -0.2536680263E-01
   -0.2567421525E-01
   -0.2589047320E-01
   -0.2621588929E-01
   -0.2639466345E-01
   -0.2672007602E-01
   -0.2694829251E-01
   -0.2725570513E-01
   -0.2746002890E-01
   -0.2776741404E-01
   -0.2798367807E-01
   -0.2830909416E-01
   -0.2851339966E-01
   -0.2882081228E-01
   -0.2905067348E-01
   -0.2931966181E-01
   -0.2953593155E-01
   -0.2987930295E-01
   -0.3008360845E-01
   -0.3039103940E-01
   -0.3056981356E-01
   -0.3087720786E-01
   -0.3108153162E-01
   -0.3138896257E-01
   -0.3159328633E-01
   -0.3190071728E-01
   -0.3210501669E-01
   -0.3241240183E-01
   -0.3261672559E-01
   -0.3288571393E-01
   -0.3309000725E-01
   -0.3339745652E-01
   -0.3360178028E-01
   -0.3390917458E-01
   -0.3411349835E-01
   -0.3438495219E-01
   -0.3456372635E-01
   -0.3487116646E-01
   -0.3506351380E-01
   -0.3537091727E-01
   -0.3557524712E-01
   -0.3586469292E-01
   -0.3606899842E-01
   -0.3637644769E-01
   -0.3656880683E-01
   -0.3681975856E-01
   -0.3702409451E-01
   -0.3733147964E-01
   -0.3751187415E-01
   -0.3780133828E-01
   -0.3798009417E-01
   -0.3828748847E-01
   -0.3847985979E-01
   -0.3876932391E-01
   -0.3896169523E-01
   -0.3925112505E-01
   -0.3945543055E-01
   -0.3976283401E-01
   -0.3995521103E-01
   -0.4020621656E-01
   -0.4039854642E-01
   -0.4068799222E-01
   -0.4088036924E-01
   -0.4115178643E-01
   -0.4134415775E-01
   -0.4163359790E-01
   -0.4180043179E-01
   -0.4208988558E-01
   -0.4228222684E-01
   -0.4257163717E-01
   -0.4275204347E-01
   -0.4304150876E-01
   -0.4323385572E-01
   -0.4350530040E-01
   -0.4368573145E-01
   -0.4393675413E-01
   -0.4412910187E-01
   -0.4440048476E-01
   -0.4459284921E-01
   -0.4486434651E-01
   -0.4501921577E-01
   -0.4530859180E-01
   -0.4548899356E-01
   -0.4576047372E-01
   -0.4594091046E-01
   -0.4623035743E-01
   -0.4642270971E-01
   -0.4667614293E-01
   -0.4685653290E-01
   -0.4706915879E-01
   -0.4726151106E-01
   -0.4753290993E-01
   -0.4770136494E-01
   -0.4797281079E-01
   -0.4815321826E-01
   -0.4842466235E-01
   -0.4857955441E-01
   -0.4883302486E-01
   -0.4901340266E-01
   -0.4928486567E-01
   -0.4945335566E-01
   -0.4972477344E-01
   -0.4990516795E-01
   -0.5013815345E-01
   -0.5031856014E-01
   -0.5057209238E-01
   -0.5075252342E-01
   -0.5102395036E-01
   -0.5119236353E-01
   -0.5146378131E-01
   -0.5161866120E-01
   -0.5189014252E-01
   -0.5205860972E-01
   -0.5229362921E-01
   -0.5247271212E-01
   -0.5274543389E-01
   -0.5291270296E-01
   -0.5309013882E-01
   -0.5323201896E-01
   -0.5348672506E-01
   -0.5366586160E-01
   -0.5392053088E-01
   -0.5407589776E-01
   -0.5434862638E-01
   -0.5449048838E-01
   -0.5472709088E-01
   -0.5490623913E-01
   -0.5516088940E-01
   -0.5531626837E-01
   -0.5557095488E-01
   -0.5573817676E-01
   -0.5593615275E-01
   -0.5610341693E-01
   -0.5631949594E-01
   -0.5647486282E-01
   -0.5672953670E-01
   -0.5689677407E-01
   -0.5713335982E-01
   -0.5723802130E-01
   -0.5749269293E-01
   -0.5765995146E-01
   -0.5789655101E-01
   -0.5806381932E-01
   -0.5824125977E-01
   -0.5838473128E-01
   -0.5862134924E-01
   -0.5878861684E-01
   -0.5902520258E-01
   -0.5918058155E-01
   -0.5943523359E-01
   -0.5953989430E-01
   -0.5975841894E-01
   -0.5992567747E-01
   -0.6012368911E-01
   -0.6026720363E-01
   -0.6046519567E-01
   -0.6062056333E-01
   -0.6085714907E-01
   -0.6098717685E-01
   -0.6116710035E-01
   -0.6132247025E-01
   -0.6157713953E-01
   -0.6172065258E-01
   -0.6195722451E-01
   -0.6208723796E-01
   -0.6222857755E-01
   -0.6234673221E-01
   -0.6258329092E-01
   -0.6273867067E-01
   -0.6295722233E-01
   -0.6310072553E-01
   -0.6329871758E-01
   -0.6342873102E-01
   -0.6362919230E-01
   -0.6374735037E-01
   -0.6392727269E-01
   -0.6404543153E-01
   -0.6424342818E-01
   -0.6438695479E-01
   -0.6458738385E-01
   -0.6474276134E-01
   -0.6494076720E-01
   -0.6504706081E-01
   -0.6524751690E-01
   -0.6540288680E-01
   -0.6560083919E-01
   -0.6568177712E-01
   -0.6580506305E-01
   -0.6593668747E-01
   -0.6617325480E-01
   -0.6630326902E-01
   -0.6646510898E-01
   -0.6659676890E-01
   -0.6679726122E-01
   -0.6691541928E-01
   -0.6709531056E-01
   -0.6720160270E-01
   -0.6736342945E-01
   -0.6746970043E-01
   -0.6764963597E-01
   -0.6776778838E-01
   -0.6792965939E-01
   -0.6806132046E-01
   -0.6822315925E-01
   -0.6831595970E-01
   -0.6853450333E-01
   -0.6862889855E-01
   -0.6873404287E-01
   -0.6886427879E-01
   -0.6902664471E-01
   -0.6914425111E-01
   -0.6930658354E-01
   -0.6940050966E-01
   -0.6960160525E-01
   -0.6968216593E-01
   -0.6978765160E-01
   -0.6988161004E-01
   -0.7006210287E-01
   -0.7019312693E-01
   -0.7033735092E-01
   -0.7043130034E-01
   -0.7057552089E-01
   -0.7065606166E-01
   -0.7076160216E-01
   -0.7086741447E-01
   -0.7102974807E-01
   -0.7112369185E-01
   -0.7115214427E-01
   -0.7129640402E-01
   -0.7136191004E-01
   -0.7142366873E-01
   -0.7145280615E-01
   -0.7145442028E-01
   -0.7156367812E-01
   -0.7158386429E-01
   -0.7166571438E-01
   -0.7169854248E-01
   -0.7175643117E-01
   -0.7177069533E-01
   -0.7185264409E-01
   -0.7187284081E-01
   -0.7195473372E-01
   -0.7197572798E-01
   -0.7200956962E-01
   -0.7202974845E-01
   -0.7216296769E-01
   -0.7219579184E-01
   -0.7225362626E-01
   -0.7226789719E-01
   -0.7234981457E-01
   -0.7236408891E-01
   -0.7249729136E-01
   -0.7252419181E-01
   -0.7255805714E-01
   -0.7257825104E-01
   -0.7271150777E-01
   -0.7272576212E-01
   -0.7273232292E-01
   -0.7274659725E-01
   -0.7280447904E-01
   -0.7282465071E-01
   -0.7295783716E-01
   -0.7296619343E-01
   -0.7302404464E-01
   -0.7305687594E-01
   -0.7311477608E-01
   -0.7312312389E-01
   -0.7318104694E-01
   -0.7318858024E-01
   -0.7324649874E-01
   -0.7327340936E-01
   -0.7333122542E-01
   -0.7334549561E-01
   -0.7345472898E-01
   -0.7348163960E-01
   -0.7351220085E-01
   -0.7352646331E-01
   -0.7356029429E-01
   -0.7356190276E-01
   -0.7369516248E-01
   -0.7371615674E-01
   -0.7375003509E-01
   -0.7377022126E-01
   -0.7380078094E-01
   -0.7379648153E-01
   -0.7388161358E-01
   -0.7390852570E-01
   -0.7396646867E-01
   -0.7398664034E-01
   -0.7401719547E-01
   -0.7402556230E-01
   -0.7411072870E-01
   -0.7412498796E-01
   -0.7418286975E-01
   -0.7419120306E-01
   -0.7419776385E-01
   -0.7420530713E-01
   -0.7431447478E-01
   -0.7433546547E-01
   -0.7431811758E-01
   -0.7433239756E-01
   -0.7439014334E-01
   -0.7438584261E-01
   -0.7436841519E-01
   -0.7438266389E-01
   -0.7449192173E-01
   -0.7454975458E-01
   -0.7455809806E-01
   -0.7456467877E-01
   -0.7457895461E-01
   -0.7466415695E-01
   -0.7465985189E-01
   -0.7466634396E-01
   -0.7469325326E-01
   -0.7472715907E-01
   -0.7473550649E-01
   -0.7479342499E-01
   -0.7479503346E-01
   -0.7482884374E-01
   -0.7484984893E-01
   -0.7485640973E-01
   -0.7485802667E-01
   -0.7489187522E-01
   -0.7488757449E-01
   -0.7494549298E-01
   -0.7497239908E-01
   -0.7495495408E-01
   -0.7495064055E-01
   -0.7503578562E-01
   -0.7504414642E-01
   -0.7502670143E-01
   -0.7502239919E-01
   -0.7502898445E-01
   -0.7504324974E-01
   -0.7507708982E-01
   -0.7508542916E-01
   -0.7514332319E-01
   -0.7513902659E-01
   -0.7509751165E-01
   -0.7511849179E-01
   -0.7517643476E-01
   -0.7517804718E-01
   -0.7521190718E-01
   -0.7520168576E-01
   -0.7518420640E-01
   -0.7517992961E-01
   -0.7516247316E-01
   -0.7518345613E-01
   -0.7524133792E-01
   -0.7523703850E-01
   -0.7524685679E-01
   -0.7524847524E-01
   -0.7523103025E-01
   -0.7523345002E-01
   -0.7521597678E-01
   -0.7523024056E-01
   -0.7521276121E-01
   -0.7520253001E-01
   -0.7523643126E-01
   -0.7523212903E-01
   -0.7526592785E-01
   -0.7527428865E-01
   -0.7525683220E-01
   -0.7524660513E-01
   -0.7525649370E-01
   -0.7525219297E-01
   -0.7523469072E-01
   -0.7523037719E-01
   -0.7521298647E-01
   -0.7522134727E-01
   -0.7517985068E-01
   -0.7516961909E-01
   -0.7522750088E-01
   -0.7522911782E-01
   -0.7518766861E-01
   -0.7517744587E-01
   -0.7513594928E-01
   -0.7513836905E-01
   -0.7514491839E-01
   -0.7514061616E-01
   -0.7515048872E-01
   -0.7514026165E-01
   -0.7512279987E-01
   -0.7511257996E-01
   -0.7507107192E-01
   -0.7508534737E-01
   -0.7501654468E-01
   -0.7500631761E-01
   -0.7496488832E-01
   -0.7496058043E-01
   -0.7497037880E-01
   -0.7496017397E-01
   -0.7494269461E-01
   -0.7494509819E-01
   -0.7490369635E-01
   -0.7488676630E-01
   -0.7484526970E-01
   -0.7483503982E-01
   -0.7476626849E-01
   -0.7476196776E-01
   -0.7477178605E-01
   -0.7475564263E-01
   -0.7473816783E-01
   -0.7472795244E-01
   -0.7463518379E-01
   -0.7463087309E-01
   -0.7458939940E-01
   -0.7457917516E-01
   -0.7461305963E-01
   -0.7459018081E-01
   -0.7449733798E-01
   -0.7449305835E-01
   -0.7445158467E-01
   -0.7444808035E-01
   -0.7435530025E-01
   -0.7433243690E-01
   -0.7429100370E-01
   -0.7428670146E-01
   -0.7429651519E-01
   -0.7426772775E-01
   -0.7417490092E-01
   -0.7416467424E-01
   -0.7407190559E-01
   -0.7406760336E-01
   -0.7405014691E-01
   -0.7403400178E-01
   -0.7391717919E-01
   -0.7389430811E-01
   -0.7385283443E-01
   -0.7384260887E-01
   -0.7382512952E-01
   -0.7380225562E-01
   -0.7368548119E-01
   -0.7365669093E-01
   -0.7361518743E-01
   -0.7362354541E-01
   -0.7350670980E-01
   -0.7347791181E-01
   -0.7340915884E-01
   -0.7338629661E-01
   -0.7332075988E-01
   -0.7331053281E-01
   -0.7324504800E-01
   -0.7321627150E-01
   -0.7314758426E-01
   -0.7312469942E-01
   -0.7300780954E-01
   -0.7299758398E-01
   -0.7290479243E-01
   -0.7287601724E-01
   -0.7278325159E-01
   -0.7275444625E-01
   -0.7263764045E-01
   -0.7261477992E-01
   -0.7249795121E-01
   -0.7247507731E-01
   -0.7238224294E-01
   -0.7235345550E-01
   -0.7231197491E-01
   -0.7228318183E-01
   -0.7216641885E-01
   -0.7213763141E-01
   -0.7202080270E-01
   -0.7201057676E-01
   -0.7191775996E-01
   -0.7189489661E-01
   -0.7177810226E-01
   -0.7174931482E-01
   -0.7160521138E-01
   -0.7156969347E-01
   -0.7145288766E-01
   -0.7142409891E-01
   -0.7133124163E-01
   -0.7130245137E-01
   -0.7113435360E-01
   -0.7110556051E-01
   -0.7098875471E-01
   -0.7094732043E-01
   -0.7088183107E-01
   -0.7085304363E-01
   -0.7070889282E-01
   -0.7066744725E-01
   -0.7052660586E-01
   -0.7049780995E-01
   -0.7046230333E-01
   -0.7027108369E-01
   -0.7022212079E-01
   -0.7013826068E-01
   -0.7001256584E-01
   -0.6995430283E-01
   -0.6981063446E-01
   -0.6972676863E-01
   -0.6963940376E-01
   -0.6956752366E-01
   -0.6945975438E-01
   -0.6936389140E-01
   -0.6922024015E-01
   -0.6916199201E-01
   -0.6792252405E-01
   -0.6601087802E-01
   -0.6477304941E-01
   -0.6288176886E-01
   -0.6165756000E-01
   -0.5978430388E-01
   -0.5854646384E-01
   -0.5669600875E-01
   -0.5547342703E-01
   -0.5360500123E-01
   -0.5240801148E-01
   -0.5056008381E-01
   -0.4875047209E-01
   -0.4751471385E-01
   -0.4512717925E-01
   -0.4454886898E-01
   -0.4216145099E-01
   -0.4159672954E-01
   -0.3918850235E-01
   -0.3863623592E-01
   -0.3630291934E-01
   -0.3573934720E-01
   -0.3348444986E-01
   -0.3292684143E-01
   -0.3069918424E-01
   -0.3016710573E-01
   -0.2786423987E-01
   -0.2732020261E-01
   -0.2511978167E-01
   -0.2459448116E-01
   -0.2244528751E-01
   -0.2193357270E-01
   -0.2086056154E-01
   -0.2060428879E-01
   -0.1955527696E-01
   -0.1929982380E-01
   -0.1827808109E-01
   -0.1802859125E-01
   -0.1695666709E-01
   -0.1670183696E-01
   -0.1567947766E-01
   -0.1543655758E-01
   -0.1441421544E-01
   -0.1417209575E-01
   -0.1314967655E-01
   -0.1290757022E-01
   -0.1193648590E-01
   -0.1169437958E-01
   -0.1077442638E-01
   -0.1053232148E-01
   -0.9509901106E-02
   -0.9273733597E-02
   -0.8329909056E-02
   -0.8113262133E-02
   -0.7651279390E-02
   -0.6923146601E-02
   -0.6253894289E-02
   -0.5781549172E-02
   -0.5073867234E-02
   -0.4640638668E-02
   -0.3932980212E-02
   -0.3460637751E-02
   -0.2791313634E-02
   -0.2358064720E-02
   -0.1706800930E-02
   -0.1273611511E-02
   -0.6427671956E-03
   -0.1959233554E-03
    0.4733858524E-03
    0.8810341030E-03
    0.1529846719E-02
    0.1963097998E-02
    0.2593906944E-02
    0.3001567963E-02
    0.3594047002E-02
    0.4001705073E-02
    0.4594133739E-02
    0.4976231586E-02
    0.5607059874E-02
    0.6014754949E-02
    0.6568788333E-02
    0.6950916641E-02
    0.7561298605E-02
    0.7943408540E-02
    0.8535886314E-02
    0.8917993299E-02
    0.9433591891E-02
    0.9790170508E-02
    0.1034420385E-01
    0.1070008585E-01
    0.1121610192E-01
    0.1157224360E-01
    0.1212421408E-01
    0.1248033031E-01
    0.1295795036E-01
    0.1328858059E-01
    0.1384300868E-01
    0.1419752960E-01
    0.1467509402E-01
    0.1500570020E-01
    0.1550129119E-01
    0.1580638214E-01
    0.1630193305E-01
    0.1660702248E-01
    0.1704615357E-01
    0.1736320542E-01
    0.1784077681E-01
    0.1814587275E-01
    0.1852612788E-01
    0.1883121251E-01
    0.1927034562E-01
    0.1954991106E-01
    0.2000650630E-01
    0.2029751113E-01
    0.2071670881E-01
    0.2099577937E-01
    0.2139693093E-01
    0.2165051770E-01
    0.2201319854E-01
    0.2226517779E-01
    0.2266388560E-01
    0.2291747238E-01
    0.2328012123E-01
    0.2353372849E-01
    0.2385790283E-01
    0.2411149053E-01
    0.2447418757E-01
    0.2468873822E-01
    0.2506943075E-01
    0.2529754283E-01
    0.2560126119E-01
    0.2582940524E-01
    0.2615358072E-01
    0.2635622994E-01
    0.2678659821E-01
    0.2688274328E-01
    0.2697888873E-01
    0.2730648226E-01
    0.2740870051E-01
    0.2778736633E-01
    0.2788960115E-01
    0.2824428816E-01
    0.2831452597E-01
    0.2866599324E-01
    0.2874919607E-01
    0.2912788039E-01
    0.2921107708E-01
    0.2951479686E-01
    0.2958502389E-01
    0.2986160990E-01
    0.2993792139E-01
    0.3024164118E-01
    0.3029893587E-01
    0.3057560549E-01
    0.3065879732E-01
    0.3091009476E-01
    0.3096180026E-01
    0.3116302129E-01
    0.3122062503E-01
    0.3146934932E-01
    0.3151420684E-01
    0.3176620552E-01
    0.3181105270E-01
    0.3201217233E-01
    0.3205704576E-01
    0.3220728876E-01
    0.3225212513E-01
    0.3242619046E-01
    0.3246492401E-01
    0.3261516708E-01
    0.3264691859E-01
    0.3279722078E-01
    0.3282282224E-01
    0.3292220849E-01
    0.3294783685E-01
    0.3302342105E-01
    0.3304903325E-01
    0.3314841950E-01
    0.3314782428E-01
    0.3319639397E-01
    0.3321504021E-01
    0.3329060095E-01
    0.3329696242E-01
    0.3334551508E-01
    0.3335803222E-01
    0.3338275407E-01
    0.3336905286E-01
    0.3341758282E-01
    0.3343007828E-01
    0.3335309248E-01
    0.3334637401E-01
    0.3337113976E-01
    0.3334431741E-01
    0.3331818903E-01
    0.3331145963E-01
    0.3328321467E-01
    0.3326201816E-01
    0.3318539027E-01
    0.3315197223E-01
    0.3305149356E-01
    0.3303137671E-01
    0.3290401824E-01
    0.3287059356E-01
    0.3279712862E-01
    0.3276371503E-01
    0.3258566978E-01
    0.3254604034E-01
    0.3244561677E-01
    0.3241219209E-01
    0.3221041184E-01
    0.3214419782E-01
    0.3204375427E-01
    0.3198460581E-01
    0.3173545415E-01
    0.3168253203E-01
    0.3153143561E-01
    0.3147849795E-01
    0.3120230993E-01
    0.3112987037E-01
    0.3087741735E-01
    0.3079168956E-01
    0.3059319076E-01
    0.3053404161E-01
    0.3025784794E-01
    0.3017210539E-01
    0.2984528682E-01
    0.2977284726E-01
    0.2944928784E-01
    0.2935648500E-01
    0.2902504146E-01
    0.2892395674E-01
    0.2867613977E-01
    0.2857593598E-01
    0.2820373680E-01
    0.2811623248E-01
    0.2771715447E-01
    0.2760972980E-01
    0.2723747169E-01
    0.2712370114E-01
    0.2672467681E-01
    0.2661089332E-01
    0.2621507895E-01
    0.2610130689E-01
    0.2567865382E-01
    0.2523241408E-01
    0.2510506544E-01
    0.2463205347E-01
    0.2448479804E-01
    0.2401500243E-01
    0.2391478731E-01
    0.2341814660E-01
    0.2325731006E-01
    0.2311726560E-01
    0.2262063090E-01
    0.2249328226E-01
    0.2197309693E-01
    0.2181949782E-01
    0.2129926519E-01
    0.2113810079E-01
    0.2054133198E-01
    0.2039240920E-01
    0.1987376558E-01
    0.1969827759E-01
    0.1910585951E-01
    0.1893680118E-01
    0.1829415220E-01
    0.1813238238E-01
    0.1754000101E-01
    0.1734438052E-01
    0.1675197366E-01
    0.1657648567E-01
    0.1591036347E-01
    0.1573487548E-01
    0.1506867771E-01
    0.1487946399E-01
    0.1423684343E-01
    0.1405494419E-01
    0.1338879956E-01
    0.1318674942E-01
    0.1244682804E-01
    0.1225119917E-01
    0.1153799353E-01
    0.1133595341E-01
    0.1069330444E-01
    0.1047601332E-01
    0.9689614613E-02
    0.8950178665E-02
    0.8950178665E-02
    0.8740313359E-02
    0.8335253761E-02
    0.7831898818E-02
    0.7411316327E-02
    0.6823738742E-02
    0.6388411688E-02
    0.5837098483E-02
    0.5416490014E-02
    0.4828894575E-02
    0.4339990997E-02
    0.3771704183E-02
    0.3338134269E-02
    0.2697267895E-02
    0.2221299363E-02
    0.1669985605E-02
    0.1236428047E-02
    0.6318433554E-03
   -0.6305645698E-03
   -0.1623652028E-02
   -0.2862157936E-02
   -0.3829956280E-02
   -0.5087709211E-02
   -0.6109351380E-02
   -0.7450955655E-02
   -0.8465800561E-02
   -0.9804083207E-02
   -0.1085997323E-01
   -0.1223422397E-01
   -0.1328837621E-01
   -0.1467717328E-01
   -0.1575929862E-01
   -0.1713127361E-01
   -0.1826757486E-01
   -0.1939903233E-01
   -0.2085430553E-01
   -0.2143176053E-01
   -0.2216782128E-01
   -0.2244248183E-01
   -0.2277577054E-01
   -0.2295530352E-01
   -0.2316507714E-01
   -0.2325356592E-01
   -0.2327605142E-01
   -0.2328975668E-01
   -0.2344148504E-01
   -0.2346783608E-01
   -0.2362149950E-01
   -0.2364744186E-01
   -0.2370910169E-01
   -0.2380443391E-01
   -0.2383794058E-01
   -0.2388065596E-01
   -0.2394231579E-01
   -0.2400413179E-01
   -0.2403762591E-01
   -0.2409711649E-01
   -0.2415874323E-01
   -0.2420145915E-01
   -0.2422001325E-01
   -0.2426272862E-01
   -0.2431120712E-01
   -0.2437070788E-01
   -0.2437609577E-01
   -0.2436618630E-01
   -0.2438474711E-01
   -0.2439162083E-01
   -0.2442513378E-01
   -0.2448465854E-01
   -0.2450323946E-01
   -0.2447423954E-01
   -0.2447963242E-01
   -0.2448650615E-01
   -0.2447873154E-01
   -0.2450238047E-01
   -0.2449281450E-01
   -0.2449968823E-01
   -0.2450506228E-01
   -0.2447610291E-01
   -0.2448148951E-01
   -0.2445248959E-01
   -0.2444295045E-01
   -0.2444982418E-01
   -0.2442707816E-01
   -0.2437906944E-01
   -0.2436949719E-01
   -0.2434052982E-01
   -0.2428968256E-01
   -0.2426069065E-01
   -0.2426609023E-01
   -0.2421805587E-01
   -0.2420848990E-01
   -0.2421535563E-01
   -0.2416450838E-01
   -0.2411647402E-01
   -0.2406562177E-01
   -0.2400083784E-01
   -0.2399127188E-01
   -0.2396231251E-01
   -0.2393958532E-01
   -0.2390832616E-01
   -0.2387064683E-01
   -0.2380580527E-01
   -0.2375493291E-01
   -0.2374274019E-01
   -0.2369189293E-01
   -0.2359124172E-01
   -0.2356671691E-01
   -0.2350190735E-01
   -0.2345105382E-01
   -0.2340298745E-01
   -0.2333718135E-01
   -0.2328914699E-01
   -0.2323829974E-01
   -0.2315442373E-01
   -0.2312989891E-01
   -0.2306508135E-01
   -0.2298608892E-01
   -0.2290221292E-01
   -0.2287948573E-01
   -0.2283145136E-01
   -0.2277880648E-01
   -0.2269493047E-01
   -0.2261596315E-01
   -0.2253205515E-01
   -0.2250750523E-01
   -0.2244269566E-01
   -0.2236372834E-01
   -0.2229662753E-01
   -0.2224398265E-01
   -0.2216010664E-01
   -0.2208113305E-01
   -0.2199722504E-01
   -0.2193141894E-01
   -0.2184754293E-01
   -0.2180985689E-01
   -0.2174275609E-01
   -0.2167694999E-01
   -0.2149241477E-01
   -0.2137393868E-01
   -0.2122296186E-01
   -0.2107639081E-01
   -0.2092538200E-01
   -0.2079374469E-01
   -0.2060692623E-01
   -0.2050163647E-01
   -0.2035065965E-01
   -0.2020408860E-01
   -0.2005078854E-01
   -0.1993233128E-01
   -0.1974551282E-01
   -0.1959714415E-01
   -0.1942709289E-01
   -0.1929365795E-01
   -0.1898856198E-01
   -0.1895451265E-01
   -0.1892046333E-01
   -0.1865105956E-01
   -0.1860265003E-01
   -0.1827641075E-01
   -0.1824235662E-01
   -0.1797295286E-01
   -0.1793172332E-01
   -0.1763205795E-01
   -0.1759754470E-01
   -0.1724114868E-01
   -0.1719274555E-01
   -0.1686655697E-01
   -0.1682868980E-01
   -0.1652906592E-01
   -0.1648783638E-01
   -0.1616160978E-01
   -0.1611655576E-01
   -0.1570332424E-01
   -0.1565827856E-01
   -0.1538524472E-01
   -0.1534019413E-01
   -0.1495715391E-01
   -0.1491210983E-01
   -0.1449892900E-01
   -0.1444334737E-01
   -0.1408693781E-01
   -0.1403471683E-01
   -0.1353813320E-01
   -0.1348926443E-01
   -0.1315943224E-01
   -0.1310385221E-01
   -0.1269062069E-01
   -0.1263120955E-01
   -0.1213466654E-01
   -0.1208244556E-01
   -0.1166915988E-01
   -0.1160975388E-01
   -0.1116636561E-01
   -0.1110696772E-01
   -0.1061035789E-01
   -0.1055095316E-01
   -0.1008098752E-01
   -0.1001822898E-01
   -0.9464887622E-02
   -0.9398305991E-02
   -0.8928289657E-02
   -0.8857897021E-02
   -0.8300884971E-02
   -0.8241478968E-02
   -0.7714728520E-02
   -0.7640969986E-02
   -0.7114114683E-02
   -0.7040357860E-02
   -0.6456809060E-02
   -0.6386408305E-02
   -0.5829409795E-02
   -0.5794442875E-02
   -0.5517765428E-02
   -0.5486157561E-02
   -0.5179286209E-02
   -0.5133322826E-02
   -0.4852974687E-02
   -0.4821361686E-02
   -0.4544685103E-02
   -0.4505898622E-02
   -0.4199027271E-02
   -0.4160242502E-02
   -0.3879948520E-02
   -0.3848333917E-02
   -0.3514871657E-02
   -0.3468908274E-02
   -0.3161996305E-02
   -0.3133747491E-02
   -0.2853389274E-02
   -0.2804068549E-02
   -0.2470619829E-02
   -0.2435187268E-02
   -0.2098054317E-02
   -0.2055451698E-02
   -0.1831942527E-02
   -0.1800328253E-02
   -0.1466841510E-02
   -0.1420872994E-02
   -0.1083832223E-02
   -0.1048404796E-02
   -0.7680186337E-03
   -0.7254160149E-03
   -0.3883245475E-03
   -0.3528919863E-03
   -0.4596647724E-04
    0.6272837160E-16
