         823
    0.0000000000E+00
    0.1253466212E-04
    0.7747762831E-04
    0.7213649726E-04
    0.3217703706E-04
    0.3577022532E-04
    0.6276157924E-04
    0.6251361699E-04
    0.6054626779E-04
    0.6801240414E-04
    0.1239884281E-03
    0.1147743490E-03
    0.4575517636E-04
    0.5829409938E-04
    0.1522122060E-03
    0.1519477726E-03
    0.1789460353E-03
    0.1864182767E-03
    0.2133941456E-03
    0.2169934390E-03
    0.2819933422E-03
    0.2817203871E-03
    0.3377214251E-03
    0.3451979274E-03
    0.3430433294E-03
    0.3517096541E-03
    0.4457554523E-03
    0.4493550955E-03
    0.4472281323E-03
    0.4547009461E-03
    0.5776511306E-03
    0.5863174553E-03
    0.6132587809E-03
    0.6168611905E-03
    0.6438301507E-03
    0.6691587253E-03
    0.8300690982E-03
    0.8336735746E-03
    0.8606494435E-03
    0.8642661301E-03
    0.9581747075E-03
    0.9796349447E-03
    0.1073553052E-02
    0.1077153617E-02
    0.1104186423E-02
    0.1129522597E-02
    0.1319344265E-02
    0.1319073727E-02
    0.1384016692E-02
    0.1405494895E-02
    0.1499371550E-02
    0.1506837686E-02
    0.1629844808E-02
    0.1651317828E-02
    0.1812178172E-02
    0.1824728383E-02
    0.1851676618E-02
    0.1859126283E-02
    0.2019943508E-02
    0.2041425049E-02
    0.2135372458E-02
    0.2151780641E-02
    0.2312634077E-02
    0.2334102836E-02
    0.2457123775E-02
    0.2469659359E-02
    0.2630455858E-02
    0.2655802970E-02
    0.2778675492E-02
    0.2791213493E-02
    0.2952103140E-02
    0.2973565221E-02
    0.3134482503E-02
    0.3150883658E-02
    0.3340719143E-02
    0.3371136276E-02
    0.3465068200E-02
    0.3481472122E-02
    0.3738292965E-02
    0.3759753202E-02
    0.3853654871E-02
    0.3884069015E-02
    0.4073918318E-02
    0.4094183200E-02
    0.4283913387E-02
    0.4305388251E-02
    0.4533325433E-02
    0.4558661608E-02
    0.4748547121E-02
    0.4778962187E-02
    0.4939822532E-02
    0.4960088336E-02
    0.5216788396E-02
    0.5247203462E-02
    0.5370096710E-02
    0.5400498643E-02
    0.5628323619E-02
    0.5648594034E-02
    0.5934410744E-02
    0.5964824888E-02
    0.6125678323E-02
    0.6154888590E-02
    0.6382798138E-02
    0.6413195239E-02
    0.6631935110E-02
    0.6661149988E-02
    0.6888988781E-02
    0.6919389793E-02
    0.7205110734E-02
    0.7239398970E-02
    0.7467279216E-02
    0.7492606869E-02
    0.7778318280E-02
    0.7821532092E-02
    0.8049405429E-02
    0.8087550142E-02
    0.8373366852E-02
    0.8394843560E-02
    0.8651607466E-02
    0.8698685927E-02
    0.8984411156E-02
    0.9018686610E-02
    0.9246616884E-02
    0.9275828422E-02
    0.9628459678E-02
    0.9667807919E-02
    0.9924603748E-02
    0.9971671270E-02
    0.1025749227E-01
    0.1028284065E-01
    0.1060663137E-01
    0.1065371167E-01
    0.1100635413E-01
    0.1104956886E-01
    0.1137333885E-01
    0.1142040580E-01
    0.1170615175E-01
    0.1174042295E-01
    0.1206419294E-01
    0.1211513824E-01
    0.1246789719E-01
    0.1251111895E-01
    0.1283482509E-01
    0.1288190206E-01
    0.1316766874E-01
    0.1320193993E-01
    0.1355459358E-01
    0.1360554591E-01
    0.1402522899E-01
    0.1406843520E-01
    0.1439220519E-01
    0.1444821200E-01
    0.1489686331E-01
    0.1493888339E-01
    0.1519571114E-01
    0.1523893439E-01
    0.1568756498E-01
    0.1574743252E-01
    0.1607113866E-01
    0.1612715249E-01
    0.1657581500E-01
    0.1662289473E-01
    0.1707152103E-01
    0.1712753635E-01
    0.1751824858E-01
    0.1756919388E-01
    0.1795085031E-01
    0.1801073006E-01
    0.1845939257E-01
    0.1850646435E-01
    0.1892613361E-01
    0.1898602189E-01
    0.1943471632E-01
    0.1949460090E-01
    0.1991426325E-01
    0.1997922581E-01
    0.2003910187E-01
    0.2053565575E-01
    0.2079346039E-01
    0.2103522796E-01
    0.2125956250E-01
    0.2152541004E-01
    0.2176872353E-01
    0.2211370247E-01
    0.2233804475E-01
    0.2262225861E-01
    0.2289451688E-01
    0.2322110053E-01
    0.2346438900E-01
    0.2374861599E-01
    0.2402094716E-01
    0.2436587691E-01
    0.2462364963E-01
    0.2493191885E-01
    0.2518975542E-01
    0.2553469829E-01
    0.2580693369E-01
    0.2610951117E-01
    0.2638181041E-01
    0.2672680249E-01
    0.2699908577E-01
    0.2732567651E-01
    0.2743061869E-01
    0.2777565120E-01
    0.2792851366E-01
    0.2804795045E-01
    0.2843525435E-01
    0.2862155630E-01
    0.2874094734E-01
    0.2908597111E-01
    0.2923887931E-01
    0.2935833420E-01
    0.2968487302E-01
    0.2987118879E-01
    0.3002249337E-01
    0.3012740018E-01
    0.3038183524E-01
    0.3053470115E-01
    0.3072842033E-01
    0.3084790715E-01
    0.3099916691E-01
    0.3119993154E-01
    0.3139363322E-01
    0.3154657334E-01
    0.3175862278E-01
    0.3191146928E-01
    0.3206435806E-01
    0.3225804555E-01
    0.3239194717E-01
    0.3254321131E-01
    0.3272954863E-01
    0.3290492442E-01
    0.3302435776E-01
    0.3323636675E-01
    0.3343722715E-01
    0.3363095071E-01
    0.3373586657E-01
    0.3394793623E-01
    0.3413423258E-01
    0.3432789819E-01
    0.3446178384E-01
    0.3461300316E-01
    0.3479937241E-01
    0.3505384791E-01
    0.3522123690E-01
    0.3537251417E-01
    0.3552545084E-01
    0.3577989601E-01
    0.3594718923E-01
    0.3614092562E-01
    0.3629380404E-01
    0.3650580292E-01
    0.3670664736E-01
    0.3690040125E-01
    0.3701982208E-01
    0.3723182096E-01
    0.3743269733E-01
    0.3768713239E-01
    0.3787345030E-01
    0.3802472017E-01
    0.3819212513E-01
    0.3844660063E-01
    0.3861394174E-01
    0.3882604173E-01
    0.3897893957E-01
    0.3915422874E-01
    0.3935502529E-01
    0.3960946035E-01
    0.3981036864E-01
    0.3997999201E-01
    0.4014730120E-01
    0.4040177670E-01
    0.4054016290E-01
    0.4077627479E-01
    0.4094368772E-01
    0.4115568661E-01
    0.4135651509E-01
    0.4161106137E-01
    0.4181192177E-01
    0.4198150470E-01
    0.4214883783E-01
    0.4240324256E-01
    0.4260410296E-01
    0.4285857846E-01
    0.4302593553E-01
    0.4323800519E-01
    0.4343888954E-01
    0.4369332460E-01
    0.4389412913E-01
    0.4410616846E-01
    0.4427355745E-01
    0.4452802285E-01
    0.4472885931E-01
    0.4498333481E-01
    0.4518416329E-01
    0.4539616218E-01
    0.4556351924E-01
    0.4581796442E-01
    0.4605229623E-01
    0.4628275984E-01
    0.4651259909E-01
    0.4676703415E-01
    0.4693436727E-01
    0.4718881245E-01
    0.4738972872E-01
    0.4760175793E-01
    0.4778357423E-01
    0.4807475945E-01
    0.4830906732E-01
    0.4856354283E-01
    0.4894625490E-01
    0.4947348864E-01
    0.5032482658E-01
    0.5136100394E-01
    0.5297770218E-01
    0.5500197982E-01
    0.5671466013E-01
    0.5878124521E-01
    0.6044593902E-01
    0.6251257904E-01
    0.6417729333E-01
    0.6630472876E-01
    0.6801737715E-01
    0.7008399392E-01
    0.7221142935E-01
    0.7389063825E-01
    0.7599965680E-01
    0.7769781856E-01
    0.7980115381E-01
    0.8152832873E-01
    0.8369821044E-01
    0.8542534308E-01
    0.8757105821E-01
    0.8931718599E-01
    0.9146298503E-01
    0.9315665316E-01
    0.9534480010E-01
    0.9708645926E-01
    0.9923225830E-01
    0.1009784031E+00
    0.1027535063E+00
    0.1071481739E+00
    0.1089233249E+00
    0.1106504336E+00
    0.1150210951E+00
    0.1168296697E+00
    0.1185858200E+00
    0.1208319849E+00
    0.1219260615E+00
    0.1248802922E+00
    0.1259503241E+00
    0.1288189385E+00
    0.1299102025E+00
    0.1328643754E+00
    0.1339768315E+00
    0.1398233476E+00
    0.1409145958E+00
    0.1420058243E+00
    0.1479306159E+00
    0.1490431052E+00
    0.1549916143E+00
    0.1571740851E+00
    0.1631226629E+00
    0.1653659319E+00
    0.1713143367E+00
    0.1735364010E+00
    0.1796415603E+00
    0.1818635928E+00
    0.1878594824E+00
    0.1901211136E+00
    0.1961952472E+00
    0.1984568737E+00
    0.2045310565E+00
    0.2068018605E+00
    0.2129780179E+00
    0.2152276066E+00
    0.2213801632E+00
    0.2236813250E+00
    0.2298264724E+00
    0.2321276571E+00
    0.2352548898E+00
    0.2375532494E+00
    0.2406805355E+00
    0.2437221701E+00
    0.2460508717E+00
    0.2491781439E+00
    0.2539203076E+00
    0.2577592707E+00
    0.2616172459E+00
    0.2664201965E+00
    0.2703071695E+00
    0.2750861335E+00
    0.2789731153E+00
    0.2838551746E+00
    0.2877376167E+00
    0.2925532481E+00
    0.2964691930E+00
    0.3013272392E+00
    0.3052911626E+00
    0.3101859273E+00
    0.3140973377E+00
    0.3190161222E+00
    0.3229945392E+00
    0.3279259871E+00
    0.3299464003E+00
    0.3348595362E+00
    0.3368130093E+00
    0.3388334224E+00
    0.3437832073E+00
    0.3457701587E+00
    0.3482874908E+00
    0.3503224092E+00
    0.3527973305E+00
    0.3547507998E+00
    0.3572256988E+00
    0.3592606552E+00
    0.3617538958E+00
    0.3637552762E+00
    0.3662909761E+00
    0.3683258943E+00
    0.3708191571E+00
    0.3727871141E+00
    0.3752803767E+00
    0.3773442841E+00
    0.3798983129E+00
    0.3819142263E+00
    0.3843650824E+00
    0.3864144709E+00
    0.3889685084E+00
    0.3909509981E+00
    0.3935050481E+00
    0.3955544228E+00
    0.3980236642E+00
    0.4000540645E+00
    0.4026080760E+00
    0.4046240072E+00
    0.4071115374E+00
    0.4091564465E+00
    0.4117104698E+00
    0.4137408747E+00
    0.4162892608E+00
    0.4183531963E+00
    0.4208831630E+00
    0.4229280466E+00
    0.4254580250E+00
    0.4274694461E+00
    0.4300418164E+00
    0.4321202258E+00
    0.4346444946E+00
    0.4366893468E+00
    0.4392376819E+00
    0.4412980039E+00
    0.4438233967E+00
    0.4458539975E+00
    0.4484160025E+00
    0.4504991602E+00
    0.4530612245E+00
    0.4551399053E+00
    0.4576835382E+00
    0.4597141336E+00
    0.4622945259E+00
    0.4643732228E+00
    0.4668745399E+00
    0.4689386839E+00
    0.4715190544E+00
    0.4735977231E+00
    0.4761596952E+00
    0.4782047840E+00
    0.4807611360E+00
    0.4828543396E+00
    0.4854586820E+00
    0.4875518787E+00
    0.4901081954E+00
    0.4921533012E+00
    0.4947153036E+00
    0.4968084642E+00
    0.4993224876E+00
    0.5013966759E+00
    0.5040136829E+00
    0.5060733379E+00
    0.5086536377E+00
    0.5107467931E+00
    0.5133031451E+00
    0.5153918144E+00
    0.5195515736E+00
    0.5201039797E+00
    0.5206346488E+00
    0.5247354899E+00
    0.5252879160E+00
    0.5294265992E+00
    0.5299700763E+00
    0.5340418726E+00
    0.5345892052E+00
    0.5387568768E+00
    0.5392964823E+00
    0.5433682331E+00
    0.5439155809E+00
    0.5480163662E+00
    0.5485547697E+00
    0.5526555653E+00
    0.5532118486E+00
    0.5574085275E+00
    0.5579469317E+00
    0.5619807851E+00
    0.5625319992E+00
    0.5667286242E+00
    0.5672631629E+00
    0.5714598897E+00
    0.5720021667E+00
    0.5760649715E+00
    0.5766161886E+00
    0.5806790304E+00
    0.5812212943E+00
    0.5854468742E+00
    0.5860019614E+00
    0.5900647662E+00
    0.5906070354E+00
    0.5947657710E+00
    0.5953157812E+00
    0.5994155077E+00
    0.5999389847E+00
    0.6041169766E+00
    0.6046342569E+00
    0.6087764734E+00
    0.6093098425E+00
    0.6134902403E+00
    0.6140101480E+00
    0.6181142738E+00
    0.6186304671E+00
    0.6227436335E+00
    0.6232807220E+00
    0.6274229507E+00
    0.6279391442E+00
    0.6320814011E+00
    0.6326136248E+00
    0.6368141805E+00
    0.6373254995E+00
    0.6414677077E+00
    0.6419913398E+00
    0.6460954274E+00
    0.6466153336E+00
    0.6507576281E+00
    0.6512935733E+00
    0.6554267670E+00
    0.6559380907E+00
    0.6600422546E+00
    0.6605658723E+00
    0.6646317356E+00
    0.6651505016E+00
    0.6693510251E+00
    0.6698746505E+00
    0.6739787260E+00
    0.6744937727E+00
    0.6785888509E+00
    0.6791113200E+00
    0.6833118778E+00
    0.6838269244E+00
    0.6879218903E+00
    0.6884443738E+00
    0.6925103620E+00
    0.6930376961E+00
    0.6971036301E+00
    0.6976138068E+00
    0.7017087727E+00
    0.7022226631E+00
    0.7064141715E+00
    0.7069329276E+00
    0.7109607749E+00
    0.7114783891E+00
    0.7155733663E+00
    0.7160835338E+00
    0.7201112683E+00
    0.7206288743E+00
    0.7246857512E+00
    0.7252033593E+00
    0.7292984336E+00
    0.7298123173E+00
    0.7338982808E+00
    0.7344073095E+00
    0.7384642350E+00
    0.7389781125E+00
    0.7429677541E+00
    0.7434767828E+00
    0.7475626985E+00
    0.7480754332E+00
    0.7520650425E+00
    0.7525703427E+00
    0.7566272517E+00
    0.7571399945E+00
    0.7611587309E+00
    0.7616714615E+00
    0.7657193006E+00
    0.7662197457E+00
    0.7702384500E+00
    0.7707511703E+00
    0.7747408199E+00
    0.7752449732E+00
    0.7792254241E+00
    0.7797295711E+00
    0.7837774744E+00
    0.7842865011E+00
    0.7882378815E+00
    0.7887285758E+00
    0.7927764467E+00
    0.7932843131E+00
    0.7972356935E+00
    0.7977398436E+00
    0.8016531312E+00
    0.8021486948E+00
    0.8060910776E+00
    0.8065903583E+00
    0.8105708977E+00
    0.8110701744E+00
    0.8150797847E+00
    0.8155790604E+00
    0.8194250562E+00
    0.8199194718E+00
    0.8238618138E+00
    0.8243610895E+00
    0.8283035607E+00
    0.8288065659E+00
    0.8327488516E+00
    0.8332309519E+00
    0.8371061072E+00
    0.8376005268E+00
    0.8415428697E+00
    0.8420458575E+00
    0.8459384782E+00
    0.8464031147E+00
    0.8502577312E+00
    0.8507342047E+00
    0.8546948193E+00
    0.8551713121E+00
    0.8590281643E+00
    0.8594895468E+00
    0.8634140323E+00
    0.8638883074E+00
    0.8676775428E+00
    0.8681424981E+00
    0.8720376815E+00
    0.8724919223E+00
    0.8763780766E+00
    0.8768512613E+00
    0.8807080411E+00
    0.8811694158E+00
    0.8850263325E+00
    0.8854959520E+00
    0.8892850663E+00
    0.8897464410E+00
    0.8935942335E+00
    0.8940556050E+00
    0.8979417287E+00
    0.8984031075E+00
    0.9021246111E+00
    0.9025813227E+00
    0.9064675109E+00
    0.9069288824E+00
    0.9106796881E+00
    0.9111364036E+00
    0.9148872128E+00
    0.9153356760E+00
    0.9191834764E+00
    0.9196484210E+00
    0.9233992267E+00
    0.9238476982E+00
    0.9275601517E+00
    0.9280168520E+00
    0.9318353346E+00
    0.9322838062E+00
    0.9360255295E+00
    0.9364858059E+00
    0.9402366839E+00
    0.9406851442E+00
    0.9443975899E+00
    0.9448413942E+00
    0.9485154763E+00
    0.9489639478E+00
    0.9527440669E+00
    0.9531914282E+00
    0.9569039384E+00
    0.9573559675E+00
    0.9610299895E+00
    0.9614702328E+00
    0.9651827430E+00
    0.9660724821E+00
    0.9693033332E+00
    0.9701939461E+00
    0.9734247473E+00
    0.9742989714E+00
    0.9774702852E+00
    0.9807011647E+00
    0.9815855543E+00
    0.9818133498E+00
    0.9836165402E+00
    0.9837249228E+00
    0.9841510777E+00
    0.9845177842E+00
    0.9846188727E+00
    0.9850450629E+00
    0.9851625532E+00
    0.9855292275E+00
    0.9856373975E+00
    0.9860892733E+00
    0.9861903462E+00
    0.9864717730E+00
    0.9865728509E+00
    0.9870247513E+00
    0.9871258242E+00
    0.9874330501E+00
    0.9875341378E+00
    0.9878413031E+00
    0.9879423819E+00
    0.9883090601E+00
    0.9884008490E+00
    0.9887337951E+00
    0.9888255735E+00
    0.9892180002E+00
    0.9893119760E+00
    0.9895934211E+00
    0.9896687978E+00
    0.9899422847E+00
    0.9900269661E+00
    0.9903936189E+00
    0.9905017889E+00
    0.9907752229E+00
    0.9908505996E+00
    0.9911835173E+00
    0.9912447205E+00
    0.9914924336E+00
    0.9916006095E+00
    0.9919335808E+00
    0.9920018604E+00
    0.9922753190E+00
    0.9923506948E+00
    0.9925983864E+00
    0.9926737788E+00
    0.9929472695E+00
    0.9930319457E+00
    0.9931944144E+00
    0.9932533995E+00
    0.9935863325E+00
    0.9936546180E+00
    0.9939023127E+00
    0.9939613006E+00
    0.9941752785E+00
    0.9942506544E+00
    0.9944646078E+00
    0.9945164916E+00
    0.9947641801E+00
    0.9948559577E+00
    0.9951294162E+00
    0.9951813000E+00
    0.9953952534E+00
    0.9954542394E+00
    0.9956424719E+00
    0.9957014511E+00
    0.9959154106E+00
    0.9959672927E+00
    0.9961555191E+00
    0.9962145050E+00
    0.9963689839E+00
    0.9964115665E+00
    0.9966255444E+00
    0.9966703362E+00
    0.9968585442E+00
    0.9969175407E+00
    0.9969530312E+00
    0.9971075040E+00
    0.9971500882E+00
    0.9973641045E+00
    0.9974394871E+00
    0.9975682390E+00
    0.9976037245E+00
    0.9977582157E+00
    0.9978007982E+00
    0.9979295317E+00
    0.9979650188E+00
    0.9981194916E+00
    0.9981549821E+00
    0.9982579640E+00
    0.9983005533E+00
    0.9984550322E+00
    0.9984905194E+00
    0.9986450167E+00
    0.9986875993E+00
    0.9987568077E+00
    0.9987524028E+00
    0.9988811362E+00
    0.9989237205E+00
    0.9990524478E+00
    0.9990715260E+00
    0.9991665182E+00
    0.9991856087E+00
    0.9992548800E+00
    0.9992974693E+00
    0.9994261966E+00
    0.9994381883E+00
    0.9995074596E+00
    0.9995265484E+00
    0.9995700497E+00
    0.9995891452E+00
    0.9996841436E+00
    0.9997032324E+00
    0.9997467582E+00
    0.9997587499E+00
    0.9997942615E+00
    0.9998204541E+00
    0.9998044748E+00
    0.9997836749E+00
    0.9998529461E+00
    0.9998720350E+00
    0.9999155362E+00
    0.9999275347E+00
    0.9999373069E+00
    0.9999399913E+00
    0.9999834925E+00
    0.9999954842E+00
    0.9999457943E+00
    0.9999320966E+00
    0.9999755978E+00
    0.9999711851E+00
    0.9999809190E+00
    0.1000000000E+01
    0.0000000000E+00
    0.6908190517E-04
    0.6535781329E-03
    0.7149151278E-03
    0.1174502875E-02
    0.1239732278E-02
    0.1728450492E-02
    0.1802600986E-02
    0.2358135891E-02
    0.2414417492E-02
    0.2836083882E-02
    0.2906368678E-02
    0.3432918913E-02
    0.3502002662E-02
    0.4019556652E-02
    0.4093710136E-02
    0.4582412388E-02
    0.4638691573E-02
    0.5127270422E-02
    0.5192497409E-02
    0.5777037233E-02
    0.5851187028E-02
    0.6272883197E-02
    0.6329164226E-02
    0.6884693889E-02
    0.6962712943E-02
    0.7480322203E-02
    0.7545536693E-02
    0.8101002510E-02
    0.8157292061E-02
    0.8607947409E-02
    0.8685966464E-02
    0.9174625120E-02
    0.9239833219E-02
    0.9728428029E-02
    0.9792438642E-02
    0.1033902733E-01
    0.1040425403E-01
    0.1089283288E-01
    0.1095805475E-01
    0.1147571832E-01
    0.1154866608E-01
    0.1206622007E-01
    0.1213143243E-01
    0.1262005488E-01
    0.1268407131E-01
    0.1316369013E-01
    0.1323784603E-01
    0.1382234226E-01
    0.1389529526E-01
    0.1441294502E-01
    0.1446922662E-01
    0.1491992557E-01
    0.1499287886E-01
    0.1553940799E-01
    0.1560848904E-01
    0.1609713174E-01
    0.1615341633E-01
    0.1669986994E-01
    0.1677282692E-01
    0.1729048835E-01
    0.1735063282E-01
    0.1789717791E-01
    0.1797012937E-01
    0.1842079639E-01
    0.1848987616E-01
    0.1903637766E-01
    0.1910040388E-01
    0.1955106352E-01
    0.1962014940E-01
    0.2016678597E-01
    0.2023972947E-01
    0.2078630220E-01
    0.2084645122E-01
    0.2132603811E-01
    0.2140287288E-01
    0.2192039494E-01
    0.2198053757E-01
    0.2248917512E-01
    0.2256212288E-01
    0.2307980242E-01
    0.2315662071E-01
    0.2363617568E-01
    0.2368739820E-01
    0.2416705323E-01
    0.2424000226E-01
    0.2481554584E-01
    0.2487956228E-01
    0.2535920873E-01
    0.2543602489E-01
    0.2598255402E-01
    0.2603377441E-01
    0.2654234073E-01
    0.2661915689E-01
    0.2706976865E-01
    0.2714659177E-01
    0.2772221945E-01
    0.2777342918E-01
    0.2821507662E-01
    0.2829189491E-01
    0.2883844000E-01
    0.2889352936E-01
    0.2946913679E-01
    0.2954594771E-01
    0.2995858069E-01
    0.3001365940E-01
    0.3058925515E-01
    0.3066608041E-01
    0.3110768638E-01
    0.3117557761E-01
    0.3175107759E-01
    0.3181509034E-01
    0.3225680590E-01
    0.3232856298E-01
    0.3290407893E-01
    0.3296302534E-01
    0.3340467277E-01
    0.3347761754E-01
    0.3398621150E-01
    0.3404903995E-01
    0.3449072359E-01
    0.3455860929E-01
    0.3513416883E-01
    0.3518924356E-01
    0.3565981086E-01
    0.3574049870E-01
    0.3624910648E-01
    0.3631192514E-01
    0.3675365023E-01
    0.3681766183E-01
    0.3735521068E-01
    0.3741803487E-01
    0.3788866387E-01
    0.3796041882E-01
    0.3849801556E-01
    0.3856082385E-01
    0.3900245961E-01
    0.3907034345E-01
    0.3960794019E-01
    0.3966182326E-01
    0.4013244583E-01
    0.4020419623E-01
    0.4074176533E-01
    0.4080458555E-01
    0.4124617342E-01
    0.4131405727E-01
    0.4178474797E-01
    0.4183862649E-01
    0.4233817846E-01
    0.4240992973E-01
    0.4294752646E-01
    0.4301421438E-01
    0.4344684007E-01
    0.4349684479E-01
    0.4400546638E-01
    0.4407722502E-01
    0.4450989860E-01
    0.4456764355E-01
    0.4510521265E-01
    0.4517189602E-01
    0.4560458342E-01
    0.4566739724E-01
    0.4609999316E-01
    0.4616668477E-01
    0.4673325664E-01
    0.4678713971E-01
    0.4719082433E-01
    0.4724856445E-01
    0.4768125185E-01
    0.4774407235E-01
    0.4824365625E-01
    0.4830140005E-01
    0.4873410127E-01
    0.4879185360E-01
    0.4929145345E-01
    0.4936200764E-01
    0.4941975628E-01
    0.4983341409E-01
    0.5006424739E-01
    0.5031996915E-01
    0.5053626794E-01
    0.5085273893E-01
    0.5111705162E-01
    0.5136708465E-01
    0.5158345312E-01
    0.5185754725E-01
    0.5205485648E-01
    0.5234727785E-01
    0.5261156076E-01
    0.5288562456E-01
    0.5308298430E-01
    0.5333302004E-01
    0.5356383952E-01
    0.5389868424E-01
    0.5412953135E-01
    0.5437953676E-01
    0.5457685505E-01
    0.5480852311E-01
    0.5500586904E-01
    0.5525587173E-01
    0.5545321075E-01
    0.5574567120E-01
    0.5587057863E-01
    0.5612059883E-01
    0.5622652470E-01
    0.5631794476E-01
    0.5658629763E-01
    0.5670669738E-01
    0.5679813554E-01
    0.5704817597E-01
    0.5715408372E-01
    0.5724554952E-01
    0.5753796350E-01
    0.5765833132E-01
    0.5777418421E-01
    0.5789908581E-01
    0.5800921496E-01
    0.5811513284E-01
    0.5824932037E-01
    0.5834079999E-01
    0.5845664549E-01
    0.5854354404E-01
    0.5867777201E-01
    0.5878369359E-01
    0.5887547663E-01
    0.5898139559E-01
    0.5908730442E-01
    0.5922145422E-01
    0.5927941192E-01
    0.5939524731E-01
    0.5951565289E-01
    0.5969227523E-01
    0.5978370327E-01
    0.5987546881E-01
    0.5996240882E-01
    0.6009658624E-01
    0.6022151070E-01
    0.6031330250E-01
    0.6043367139E-01
    0.6056787175E-01
    0.6062582254E-01
    0.6074165053E-01
    0.6086206993E-01
    0.6097221659E-01
    0.6104466889E-01
    0.6116047395E-01
    0.6126640350E-01
    0.6137653703E-01
    0.6144894788E-01
    0.6158317888E-01
    0.6168911165E-01
    0.6178087281E-01
    0.6186780591E-01
    0.6200199645E-01
    0.6209340961E-01
    0.6218517077E-01
    0.6227211768E-01
    0.6238224683E-01
    0.6250265348E-01
    0.6261850336E-01
    0.6269096257E-01
    0.6280110923E-01
    0.6287354081E-01
    0.6296534573E-01
    0.6307127743E-01
    0.6324785028E-01
    0.6333476265E-01
    0.6344489180E-01
    0.6353185253E-01
    0.6360527197E-01
    0.6367768973E-01
    0.6378783638E-01
    0.6392722913E-01
    0.6407980185E-01
    0.6415226452E-01
    0.6424402569E-01
    0.6433095187E-01
    0.6444112916E-01
    0.6452806917E-01
    0.6460147109E-01
    0.6467389922E-01
    0.6478401524E-01
    0.6487095524E-01
    0.6498110190E-01
    0.6505354039E-01
    0.6514533219E-01
    0.6523228255E-01
    0.6534241170E-01
    0.6542932752E-01
    0.6552110619E-01
    0.6559355850E-01
    0.6570370078E-01
    0.6579063042E-01
    0.6590077707E-01
    0.6598770326E-01
    0.6607946442E-01
    0.6615190291E-01
    0.6626203644E-01
    0.6636346414E-01
    0.6641284300E-01
    0.6643283220E-01
    0.6654296135E-01
    0.6661538947E-01
    0.6672552300E-01
    0.6681248718E-01
    0.6690426147E-01
    0.6694320675E-01
    0.6696854172E-01
    0.6706995906E-01
    0.6718010571E-01
    0.6730599683E-01
    0.6748382906E-01
    0.6781259715E-01
    0.6821076751E-01
    0.6879129019E-01
    0.6946602425E-01
    0.7000860714E-01
    0.7070170149E-01
    0.7126326571E-01
    0.7195637183E-01
    0.7251795440E-01
    0.7318701255E-01
    0.7372958162E-01
    0.7442271370E-01
    0.7509177186E-01
    0.7561986705E-01
    0.7633128019E-01
    0.7690734009E-01
    0.7751564026E-01
    0.7802473577E-01
    0.7871216629E-01
    0.7922127193E-01
    0.7984790372E-01
    0.8040496394E-01
    0.8103159603E-01
    0.8152619800E-01
    0.8217120789E-01
    0.8264683997E-01
    0.8327347206E-01
    0.8383055861E-01
    0.8432067600E-01
    0.8556827409E-01
    0.8605841221E-01
    0.8656750748E-01
    0.8775435226E-01
    0.8825895735E-01
    0.8870111004E-01
    0.8927045573E-01
    0.8959293673E-01
    0.9041718797E-01
    0.9067893451E-01
    0.9140124143E-01
    0.9167215402E-01
    0.9249639572E-01
    0.9277651109E-01
    0.9426827389E-01
    0.9453916761E-01
    0.9481006488E-01
    0.9627093026E-01
    0.9655106600E-01
    0.9795717162E-01
    0.9849899008E-01
    0.9990518734E-01
    0.1004229526E+00
    0.1018290130E+00
    0.1023376181E+00
    0.1036817707E+00
    0.1041903800E+00
    0.1054871282E+00
    0.1059624843E+00
    0.1072282286E+00
    0.1077035887E+00
    0.1089694162E+00
    0.1094235732E+00
    0.1106036428E+00
    0.1110486229E+00
    0.1122833790E+00
    0.1127255425E+00
    0.1138272569E+00
    0.1142693883E+00
    0.1148439815E+00
    0.1152345451E+00
    0.1158090685E+00
    0.1162815858E+00
    0.1166600952E+00
    0.1172345971E+00
    0.1180283636E+00
    0.1186169057E+00
    0.1192534288E+00
    0.1200231184E+00
    0.1205926798E+00
    0.1213016126E+00
    0.1218711590E+00
    0.1225744008E+00
    0.1230625356E+00
    0.1236866504E+00
    0.1241892770E+00
    0.1248317745E+00
    0.1253154163E+00
    0.1258730819E+00
    0.1262942519E+00
    0.1269126047E+00
    0.1273627587E+00
    0.1278356252E+00
    0.1280344428E+00
    0.1285497097E+00
    0.1287196194E+00
    0.1289184370E+00
    0.1293488419E+00
    0.1295332234E+00
    0.1297668013E+00
    0.1299321836E+00
    0.1301474165E+00
    0.1303172583E+00
    0.1305324456E+00
    0.1306978158E+00
    0.1308706275E+00
    0.1310215217E+00
    0.1312126633E+00
    0.1313780455E+00
    0.1315509028E+00
    0.1316872732E+00
    0.1318600344E+00
    0.1319585176E+00
    0.1321073142E+00
    0.1322247092E+00
    0.1323791153E+00
    0.1325109900E+00
    0.1326597664E+00
    0.1327627133E+00
    0.1329114590E+00
    0.1330433657E+00
    0.1331553911E+00
    0.1332393144E+00
    0.1333880555E+00
    0.1335054866E+00
    0.1335751616E+00
    0.1336256414E+00
    0.1337743517E+00
    0.1338582673E+00
    0.1339038725E+00
    0.1340022921E+00
    0.1340902512E+00
    0.1341407106E+00
    0.1342287467E+00
    0.1342647033E+00
    0.1343710223E+00
    0.1344360024E+00
    0.1344208061E+00
    0.1344712614E+00
    0.1345168805E+00
    0.1345353570E+00
    0.1346231712E+00
    0.1346257022E+00
    0.1346288399E+00
    0.1346939297E+00
    0.1346971171E+00
    0.1346805917E+00
    0.1347260781E+00
    0.1347286162E+00
    0.1346894598E+00
    0.1346729082E+00
    0.1347000367E+00
    0.1347170960E+00
    0.1346779901E+00
    0.1346614927E+00
    0.1346646162E+00
    0.1346335272E+00
    0.1345337005E+00
    0.1344836224E+00
    0.1345051513E+00
    0.1344550892E+00
    0.1343552472E+00
    0.1343241846E+00
    0.1343273212E+00
    0.1342772767E+00
    0.1341591287E+00
    0.1340609528E+00
    0.1339371211E+00
    0.1338725219E+00
    0.1338333855E+00
    0.1337833530E+00
    0.1336835263E+00
    0.1335518177E+00
    0.1334842162E+00
    0.1334580775E+00
    0.1334331380E+00
    0.1331414267E+00
    0.1331152828E+00
    0.1329193400E+00
    0.1328893403E+00
    0.1326645790E+00
    0.1326256341E+00
    0.1323628496E+00
    0.1323417743E+00
    0.1321169649E+00
    0.1320780227E+00
    0.1317862873E+00
    0.1317434787E+00
    0.1314517194E+00
    0.1314166436E+00
    0.1310868644E+00
    0.1310440512E+00
    0.1307233167E+00
    0.1306754479E+00
    0.1303457496E+00
    0.1303118671E+00
    0.1299821087E+00
    0.1299303716E+00
    0.1295426182E+00
    0.1294947368E+00
    0.1291071606E+00
    0.1290554127E+00
    0.1286586877E+00
    0.1286018648E+00
    0.1282141115E+00
    0.1281623748E+00
    0.1277367549E+00
    0.1276671280E+00
    0.1272144673E+00
    0.1271645268E+00
    0.1267369054E+00
    0.1266751142E+00
    0.1261508265E+00
    0.1260962265E+00
    0.1256683638E+00
    0.1255977554E+00
    0.1249770533E+00
    0.1249150262E+00
    0.1244580299E+00
    0.1243948537E+00
    0.1238705379E+00
    0.1238085159E+00
    0.1232841789E+00
    0.1232086903E+00
    0.1225497517E+00
    0.1224754343E+00
    0.1219512097E+00
    0.1218720022E+00
    0.1212512121E+00
    0.1211806072E+00
    0.1206563152E+00
    0.1205722512E+00
    0.1198842606E+00
    0.1198099324E+00
    0.1191891420E+00
    0.1191099453E+00
    0.1183928735E+00
    0.1183013737E+00
    0.1176424212E+00
    0.1175632236E+00
    0.1169424616E+00
    0.1168595545E+00
    0.1160751626E+00
    0.1159750679E+00
    0.1153161684E+00
    0.1152332613E+00
    0.1144488208E+00
    0.1143487323E+00
    0.1136315479E+00
    0.1135437651E+00
    0.1128266620E+00
    0.1127314490E+00
    0.1119470085E+00
    0.1118432043E+00
    0.1110206190E+00
    0.1109291194E+00
    0.1101154608E+00
    0.1100030701E+00
    0.1092186035E+00
    0.1091233780E+00
    0.1083098038E+00
    0.1081974266E+00
    0.1073165677E+00
    0.1072041743E+00
    0.1064197474E+00
    0.1063159530E+00
    0.1053677185E+00
    0.1052516116E+00
    0.1043707726E+00
    0.1042669756E+00
    0.1033569480E+00
    0.1032408411E+00
    0.1022927169E+00
    0.1021680200E+00
    0.1012579790E+00
    0.1011504694E+00
    0.1002696244E+00
    0.1001449310E+00
    0.9916759670E-01
    0.9904289798E-01
    0.9799832689E-01
    0.9787850478E-01
    0.9690115672E-01
    0.9677647045E-01
    0.9586651243E-01
    0.9573810108E-01
    0.9466436229E-01
    0.9453596521E-01
    0.9349142177E-01
    0.9337531397E-01
    0.9236882562E-01
    0.9222439452E-01
    0.9117983769E-01
    0.9104284783E-01
    0.9003635949E-01
    0.8990795531E-01
    0.8880514567E-01
    0.8867301628E-01
    0.8750289904E-01
    0.8736219303E-01
    0.8628842586E-01
    0.8614771808E-01
    0.8500669947E-01
    0.8486598275E-01
    0.8373404671E-01
    0.8358104051E-01
    0.8241084134E-01
    0.8227012462E-01
    0.8109997901E-01
    0.8095069074E-01
    0.7978053384E-01
    0.7963238330E-01
    0.7843316744E-01
    0.7828016301E-01
    0.7710996184E-01
    0.7696065754E-01
    0.7575858733E-01
    0.7561581808E-01
    0.7431412935E-01
    0.7416666688E-01
    0.7299106916E-01
    0.7284388654E-01
    0.7154149599E-01
    0.7137934335E-01
    0.7010616006E-01
    0.6995937506E-01
    0.6862765039E-01
    0.6845726508E-01
    0.6725177941E-01
    0.6710609433E-01
    0.6573600616E-01
    0.6556919041E-01
    0.6426670153E-01
    0.6410454549E-01
    0.6280218287E-01
    0.6264360369E-01
    0.6131189359E-01
    0.6114973756E-01
    0.5968272651E-01
    0.5952057784E-01
    0.5815047167E-01
    0.5798831685E-01
    0.5662734707E-01
    0.5645339298E-01
    0.5508331473E-01
    0.5492116606E-01
    0.5349249867E-01
    0.5331854627E-01
    0.5188987081E-01
    0.5171234770E-01
    0.5024540707E-01
    0.5007502473E-01
    0.4864635733E-01
    0.4846883665E-01
    0.4694331276E-01
    0.4676936311E-01
    0.4536997928E-01
    0.4519245859E-01
    0.4359922312E-01
    0.4341703294E-01
    0.4198846387E-01
    0.4181094764E-01
    0.4028535334E-01
    0.4009603338E-01
    0.3847352024E-01
    0.3829599955E-01
    0.3679969688E-01
    0.3660213743E-01
    0.3507657106E-01
    0.3489082044E-01
    0.3326835785E-01
    0.3308727567E-01
    0.3156170930E-01
    0.3117583587E-01
    0.2974908299E-01
    0.2935577217E-01
    0.2792905665E-01
    0.2752865214E-01
    0.2607612924E-01
    0.2464938863E-01
    0.2426514419E-01
    0.2416814901E-01
    0.2334227888E-01
    0.2329955567E-01
    0.2313082322E-01
    0.2293642659E-01
    0.2288283653E-01
    0.2271417827E-01
    0.2266767357E-01
    0.2247319566E-01
    0.2240320218E-01
    0.2217504585E-01
    0.2212144902E-01
    0.2196075589E-01
    0.2190714733E-01
    0.2167893427E-01
    0.2162533744E-01
    0.2140519535E-01
    0.2135160724E-01
    0.2113137158E-01
    0.2107776107E-01
    0.2088335216E-01
    0.2080626836E-01
    0.2052662629E-01
    0.2044952399E-01
    0.2019562739E-01
    0.2015842721E-01
    0.1999769152E-01
    0.1991350387E-01
    0.1960806669E-01
    0.1954736104E-01
    0.1935293276E-01
    0.1928293929E-01
    0.1897754656E-01
    0.1889335890E-01
    0.1861370455E-01
    0.1856230523E-01
    0.1831633638E-01
    0.1824632923E-01
    0.1796670652E-01
    0.1789891551E-01
    0.1759346605E-01
    0.1750928035E-01
    0.1726336114E-01
    0.1717918026E-01
    0.1687381208E-01
    0.1681311817E-01
    0.1660092701E-01
    0.1650963053E-01
    0.1622994073E-01
    0.1616213603E-01
    0.1591620973E-01
    0.1582492837E-01
    0.1549373345E-01
    0.1540954775E-01
    0.1507840955E-01
    0.1500351950E-01
    0.1475760738E-01
    0.1468050704E-01
    0.1437505759E-01
    0.1430016753E-01
    0.1396902934E-01
    0.1387773091E-01
    0.1360601660E-01
    0.1351473380E-01
    0.1318358143E-01
    0.1310869528E-01
    0.1283699516E-01
    0.1274569672E-01
    0.1238879889E-01
    0.1229041900E-01
    0.1195922408E-01
    0.1190071894E-01
    0.1162906136E-01
    0.1153778143E-01
    0.1145578646E-01
    0.1109890281E-01
    0.1100051901E-01
    0.1066939119E-01
    0.1058518985E-01
    0.1028773008E-01
    0.1020574684E-01
    0.9848820636E-02
    0.9750440751E-02
    0.9453023523E-02
    0.9371036375E-02
    0.9014152720E-02
    0.8932157754E-02
    0.8694235317E-02
    0.8595839793E-02
    0.8238941956E-02
    0.8156954808E-02
    0.7800014424E-02
    0.7701634539E-02
    0.7378418926E-02
    0.7298638153E-02
    0.7001220925E-02
    0.6902837130E-02
    0.6605434084E-02
    0.6516335258E-02
    0.6133706138E-02
    0.6044621900E-02
    0.5721416658E-02
    0.5623021135E-02
    0.5325618089E-02
    0.5252934407E-02
    0.4929729168E-02
    0.4840648839E-02
    0.4576980938E-02
    0.4487884970E-02
    0.4105241667E-02
    0.4016161339E-02
    0.3752436708E-02
    0.3679753027E-02
    0.3271378441E-02
    0.3165885827E-02
    0.2876472460E-02
    0.2789590687E-02
    0.2466385447E-02
    0.2377305118E-02
    0.2113637216E-02
    0.2040937896E-02
    0.1692029739E-02
    0.1595848935E-02
    0.1332181032E-02
    0.1259497351E-02
    0.8848011813E-03
    0.7815110319E-03
    0.5178431292E-03
    0.4380589722E-03
    0.8908371317E-04
   -0.7343996392E-16
         992
    0.0000000000E+00
    0.3997589848E-04
    0.4917293412E-04
    0.5114028299E-04
    0.5648325833E-04
    0.6752713539E-04
    0.5497450770E-04
    0.5698759678E-04
    0.6620167588E-04
    0.1351069747E-03
    0.1365673356E-03
    0.8058440300E-04
    0.8979387149E-04
    0.9190272925E-04
    0.9723511604E-04
    0.1660627515E-03
    0.1624527424E-03
    0.1895323111E-03
    0.1990609704E-03
    0.2676932888E-03
    0.2732128793E-03
    0.2751849627E-03
    0.2847067152E-03
    0.3623146647E-03
    0.3585825656E-03
    0.4272492691E-03
    0.4420195956E-03
    0.5106450365E-03
    0.5201560669E-03
    0.5887317093E-03
    0.5987522904E-03
    0.5432494879E-03
    0.5581364476E-03
    0.6930963428E-03
    0.6933901873E-03
    0.7620320598E-03
    0.7809544382E-03
    0.9159280700E-03
    0.9215003975E-03
    0.9612323780E-03
    0.9761301591E-03
    0.1015869008E-02
    0.1025475194E-02
    0.1094180538E-02
    0.1099749380E-02
    0.1205904063E-02
    0.1224831852E-02
    0.1359932427E-02
    0.1365508605E-02
    0.1434154740E-02
    0.1449052156E-02
    0.1526460836E-02
    0.1545392111E-02
    0.1613929303E-02
    0.1632869474E-02
    0.1768026651E-02
    0.1782926955E-02
    0.1917964058E-02
    0.1923528452E-02
    0.2029746607E-02
    0.2048687740E-02
    0.2183865522E-02
    0.2202799319E-02
    0.2337945366E-02
    0.2356874118E-02
    0.2463067405E-02
    0.2473922066E-02
    0.2580267163E-02
    0.2599216230E-02
    0.2667812631E-02
    0.2686735972E-02
    0.2821727603E-02
    0.2845954555E-02
    0.3047645984E-02
    0.3066588080E-02
    0.3172806235E-02
    0.3182422280E-02
    0.3317629192E-02
    0.3337820726E-02
    0.3539470946E-02
    0.3558385988E-02
    0.3664652220E-02
    0.3683587943E-02
    0.3856412346E-02
    0.3884675680E-02
    0.4019762518E-02
    0.4043987545E-02
    0.4245644633E-02
    0.4264591177E-02
    0.4370872803E-02
    0.4395098793E-02
    0.4596776485E-02
    0.4625039819E-02
    0.4826690039E-02
    0.4841577596E-02
    0.5043227816E-02
    0.5071493075E-02
    0.5177806437E-02
    0.5206066883E-02
    0.5407730839E-02
    0.5435994173E-02
    0.5637623788E-02
    0.5661854591E-02
    0.5863504811E-02
    0.5887727913E-02
    0.6060607262E-02
    0.6088869633E-02
    0.6261694036E-02
    0.6285922914E-02
    0.6487566266E-02
    0.6515829600E-02
    0.6688695212E-02
    0.6716957583E-02
    0.6918607803E-02
    0.6946871137E-02
    0.7148514489E-02
    0.7172738553E-02
    0.7440906683E-02
    0.7469170979E-02
    0.7642002251E-02
    0.7675565710E-02
    0.7877222799E-02
    0.7901445900E-02
    0.8169652634E-02
    0.8197915968E-02
    0.8399545583E-02
    0.8437127632E-02
    0.8610006981E-02
    0.8638272240E-02
    0.8906465237E-02
    0.8940018838E-02
    0.9141655322E-02
    0.9169920581E-02
    0.9438190786E-02
    0.9471759291E-02
    0.9682228658E-02
    0.9729140244E-02
    0.9930790464E-02
    0.9955016453E-02
    0.1022327292E-01
    0.1026085942E-01
    0.1050033554E-01
    0.1053793983E-01
    0.1087265761E-01
    0.1090619690E-01
    0.1110784025E-01
    0.1114543372E-01
    0.1141358385E-01
    0.1145118369E-01
    0.1169067355E-01
    0.1172423100E-01
    0.1199241287E-01
    0.1202596010E-01
    0.1229409649E-01
    0.1234101661E-01
    0.1267587933E-01
    0.1271347027E-01
    0.1295279459E-01
    0.1299038301E-01
    0.1329634791E-01
    0.1332990596E-01
    0.1359820790E-01
    0.1364108815E-01
    0.1388037386E-01
    0.1391796036E-01
    0.1425269613E-01
    0.1428626055E-01
    0.1455458049E-01
    0.1461082666E-01
    0.1494547670E-01
    0.1498306765E-01
    0.1528899821E-01
    0.1533591869E-01
    0.1567066820E-01
    0.1570018253E-01
    0.1596852308E-01
    0.1601545053E-01
    0.1632131762E-01
    0.1637756872E-01
    0.1668357992E-01
    0.1671711681E-01
    0.1705180285E-01
    0.1709874113E-01
    0.1743356784E-01
    0.1747644016E-01
    0.1778237416E-01
    0.1783862970E-01
    0.1817337921E-01
    0.1821625850E-01
    0.1861766399E-01
    0.1866458448E-01
    0.1897043617E-01
    0.1901734631E-01
    0.1932334378E-01
    0.1937152223E-01
    0.1970619797E-01
    0.1975312590E-01
    0.2015447823E-01
    0.2020138933E-01
    0.2053620232E-01
    0.2058312688E-01
    0.2092682935E-01
    0.2096566432E-01
    0.2130038210E-01
    0.2136597367E-01
    0.2176728052E-01
    0.2181419211E-01
    0.2218672383E-01
    0.2223489386E-01
    0.2256959103E-01
    0.2262584610E-01
    0.2306493942E-01
    0.2311184908E-01
    0.2344663376E-01
    0.2349480717E-01
    0.2386738862E-01
    0.2393296540E-01
    0.2433415905E-01
    0.2438109095E-01
    0.2475363463E-01
    0.2480583311E-01
    0.2517834080E-01
    0.2523989839E-01
    0.2570776093E-01
    0.2576399231E-01
    0.2613653942E-01
    0.2618875377E-01
    0.2649463460E-01
    0.2654684535E-01
    0.2701468385E-01
    0.2707093639E-01
    0.2744348350E-01
    0.2749568644E-01
    0.2789699589E-01
    0.2797190918E-01
    0.2847763280E-01
    0.2852580872E-01
    0.2889816199E-01
    0.2896373577E-01
    0.2943165148E-01
    0.2948386667E-01
    0.2982756571E-01
    0.2987976816E-01
    0.3034767013E-01
    0.3041854500E-01
    0.3088639723E-01
    0.3094263643E-01
    0.3128632516E-01
    0.3135316292E-01
    0.3188769861E-01
    0.3194395007E-01
    0.3231633851E-01
    0.3238719029E-01
    0.3289286843E-01
    0.3294508470E-01
    0.3338411799E-01
    0.3345498096E-01
    0.3385624838E-01
    0.3390846021E-01
    0.3438535717E-01
    0.3444689361E-01
    0.3488596893E-01
    0.3495683598E-01
    0.3549117096E-01
    0.3555271076E-01
    0.3596302635E-01
    0.3603390230E-01
    0.3656835391E-01
    0.3662989480E-01
    0.3706898812E-01
    0.3713985072E-01
    0.3761657871E-01
    0.3767811851E-01
    0.3814595358E-01
    0.3821682952E-01
    0.3872253940E-01
    0.3878407691E-01
    0.3919426556E-01
    0.3926108192E-01
    0.3976667515E-01
    0.3983754064E-01
    0.4043852047E-01
    0.4051344158E-01
    0.4092378890E-01
    0.4098128655E-01
    0.4155338739E-01
    0.4163356871E-01
    0.4207261230E-01
    0.4213944790E-01
    0.4268282500E-01
    0.4275368712E-01
    0.4319274445E-01
    0.4327295775E-01
    0.4387401478E-01
    0.4393151195E-01
    0.4440825450E-01
    0.4448843882E-01
    0.4506062457E-01
    0.4513678778E-01
    0.4568012545E-01
    0.4575099431E-01
    0.4625655841E-01
    0.4633674718E-01
    0.4690893293E-01
    0.4697576660E-01
    0.4749034879E-01
    0.4756651200E-01
    0.4807210524E-01
    0.4814826845E-01
    0.4869173306E-01
    0.4876258677E-01
    0.4926810623E-01
    0.4935764521E-01
    0.4999641495E-01
    0.5006851220E-01
    0.5061191334E-01
    0.5068279229E-01
    0.5129261353E-01
    0.5137809690E-01
    0.5185499043E-01
    0.5193114775E-01
    0.5256989605E-01
    0.5265009408E-01
    0.5326002426E-01
    0.5334551315E-01
    0.5382222397E-01
    0.5390770890E-01
    0.5451771285E-01
    0.5458453956E-01
    0.5519442687E-01
    0.5527991769E-01
    0.5582319189E-01
    0.5590464344E-01
    0.5651457623E-01
    0.5660409742E-01
    0.5721403447E-01
    0.5730481411E-01
    0.5798131455E-01
    0.5805745996E-01
    0.5866736101E-01
    0.5875284739E-01
    0.5926745101E-01
    0.5936227089E-01
    0.6003874989E-01
    0.6012019747E-01
    0.6075894317E-01
    0.6084442809E-01
    0.6149199637E-01
    0.6157344792E-01
    0.6224986084E-01
    0.6234467783E-01
    0.6299239709E-01
    0.6308316520E-01
    0.6362656634E-01
    0.6372137996E-01
    0.6436903314E-01
    0.6445980678E-01
    0.6520284655E-01
    0.6529767243E-01
    0.6594534361E-01
    0.6602275638E-01
    0.6664164295E-01
    0.6673645249E-01
    0.6741296666E-01
    0.6750374137E-01
    0.6821784556E-01
    0.6831795065E-01
    0.6896562527E-01
    0.6905640299E-01
    0.6977065815E-01
    0.6987075603E-01
    0.7045188787E-01
    0.7054266896E-01
    0.7125680831E-01
    0.7164723044E-01
    0.7174329842E-01
    0.7206714520E-01
    0.7245756733E-01
    0.7255767050E-01
    0.7288147950E-01
    0.7292687353E-01
    0.7328846984E-01
    0.7333914235E-01
    0.7366298570E-01
    0.7370838454E-01
    0.7409880666E-01
    0.7415755386E-01
    0.7448136630E-01
    0.7452272191E-01
    0.7491301709E-01
    0.7496773873E-01
    0.7526274252E-01
    0.7530409031E-01
    0.7569451244E-01
    0.7574923408E-01
    0.7604423787E-01
    0.7608558566E-01
    0.7650475296E-01
    0.7656349463E-01
    0.7692512184E-01
    0.7696647108E-01
    0.7735689663E-01
    0.7742096416E-01
    0.7771594391E-01
    0.7775728833E-01
    0.7811889755E-01
    0.7816956742E-01
    0.7865540018E-01
    0.7870482602E-01
    0.7899980578E-01
    0.7905047781E-01
    0.7944080816E-01
    0.7950485789E-01
    0.7986649884E-01
    0.7990785000E-01
    0.8026940344E-01
    0.8032009663E-01
    0.8064391937E-01
    0.8069862960E-01
    0.8115553789E-01
    0.8121025509E-01
    0.8150535148E-01
    0.8155603096E-01
    0.8201289983E-01
    0.8206357415E-01
    0.8235857794E-01
    0.8239993463E-01
    0.8282810119E-01
    0.8289215044E-01
    0.8325370388E-01
    0.8329505611E-01
    0.8365673650E-01
    0.8371672616E-01
    0.8410702478E-01
    0.8415241039E-01
    0.8454280078E-01
    0.8460281606E-01
    0.8496437980E-01
    0.8502438834E-01
    0.8538599495E-01
    0.8542736197E-01
    0.8585557400E-01
    0.8591555777E-01
    0.8621059591E-01
    0.8626129103E-01
    0.8668926457E-01
    0.8673993588E-01
    0.8719703459E-01
    0.8725704169E-01
    0.8761856943E-01
    0.8767328662E-01
    0.8803492923E-01
    0.8809495088E-01
    0.8845646489E-01
    0.8849780738E-01
    0.8889710526E-01
    0.8895710719E-01
    0.8938521371E-01
    0.8944118827E-01
    0.8980277345E-01
    0.8985344933E-01
    0.9028158415E-01
    0.9034159606E-01
    0.9076976261E-01
    0.9082042912E-01
    0.9082042912E-01
    0.9115320908E-01
    0.9120918364E-01
    0.9166617685E-01
    0.9172618208E-01
    0.9208766435E-01
    0.9214239122E-01
    0.9254181604E-01
    0.9259777503E-01
    0.9302581465E-01
    0.9307650231E-01
    0.9340925054E-01
    0.9346521621E-01
    0.9389344623E-01
    0.9395344925E-01
    0.9428626094E-01
    0.9433290790E-01
    0.9482749716E-01
    0.9488750906E-01
    0.9528682281E-01
    0.9534279737E-01
    0.9570441428E-01
    0.9576440172E-01
    0.9616374720E-01
    0.9621973733E-01
    0.9668560072E-01
    0.9674155082E-01
    0.9710310426E-01
    0.9801352081E-01
    0.1046331662E+00
    0.1088657325E+00
    0.1122387916E+00
    0.1165083232E+00
    0.1198670549E+00
    0.1241792162E+00
    0.1275998575E+00
    0.1319547220E+00
    0.1354229289E+00
    0.1398574598E+00
    0.1433256102E+00
    0.1477231796E+00
    0.1512246162E+00
    0.1557387474E+00
    0.1593352757E+00
    0.1611191925E+00
    0.1628842549E+00
    0.1673429612E+00
    0.1691412158E+00
    0.1709871017E+00
    0.1756050835E+00
    0.1773845084E+00
    0.1792159966E+00
    0.1838154646E+00
    0.1856612882E+00
    0.1875215366E+00
    0.1920784153E+00
    0.1939098379E+00
    0.1957700983E+00
    0.2004918469E+00
    0.2023188521E+00
    0.2041979213E+00
    0.2088771051E+00
    0.2107381733E+00
    0.2126359875E+00
    0.2173861495E+00
    0.2192983167E+00
    0.2211961120E+00
    0.2259705197E+00
    0.2278350550E+00
    0.2297805210E+00
    0.2345307039E+00
    0.2393604128E+00
    0.2431992180E+00
    0.2480714618E+00
    0.2519435670E+00
    0.2567974013E+00
    0.2606838653E+00
    0.2626104935E+00
    0.2650910308E+00
    0.2683098829E+00
    0.2694964946E+00
    0.2727389856E+00
    0.2739242225E+00
    0.2771681933E+00
    0.2783838127E+00
    0.2816041185E+00
    0.2848717173E+00
    0.2872938200E+00
    0.2885094318E+00
    0.2950210403E+00
    0.2962578703E+00
    0.2974706712E+00
    0.3040059824E+00
    0.3052215959E+00
    0.3076924072E+00
    0.3143059437E+00
    0.3167859375E+00
    0.3234542798E+00
    0.3267692036E+00
    0.3279855530E+00
    0.3319829901E+00
    0.3325823735E+00
    0.3405400188E+00
    0.3417222313E+00
    0.3498018641E+00
    0.3510037891E+00
    0.3550294145E+00
    0.3590834161E+00
    0.3602853136E+00
    0.3643109412E+00
    0.3682994916E+00
    0.3694954173E+00
    0.3735493851E+00
    0.3776969245E+00
    0.3789139708E+00
    0.3829678996E+00
    0.3870500324E+00
    0.3882565260E+00
    0.3923670873E+00
    0.3935978442E+00
    0.3976518067E+00
    0.4059380270E+00
    0.4071582191E+00
    0.4112404406E+00
    0.4118535372E+00
    0.4159922390E+00
    0.4166098993E+00
    0.4207204253E+00
    0.4213380941E+00
    0.4254768756E+00
    0.4260899743E+00
    0.4302940377E+00
    0.4309057035E+00
    0.4322621737E+00
    0.4357811694E+00
    0.4392454695E+00
    0.4405373534E+00
    0.4440016292E+00
    0.4452935414E+00
    0.4487815277E+00
    0.4500826038E+00
    0.4536252744E+00
    0.4549475639E+00
    0.4584355192E+00
    0.4597457699E+00
    0.4632337578E+00
    0.4645348366E+00
    0.4680701613E+00
    0.4694016288E+00
    0.4729752887E+00
    0.4742855501E+00
    0.4778208477E+00
    0.4791310977E+00
    0.4826427606E+00
    0.4839621949E+00
    0.4874974666E+00
    0.4888289339E+00
    0.4923405738E+00
    0.4936600129E+00
    0.4971953660E+00
    0.4985147938E+00
    0.5021047959E+00
    0.5034454549E+00
    0.5070044478E+00
    0.5083238680E+00
    0.5118591108E+00
    0.5131785576E+00
    0.5167922448E+00
    0.5181300443E+00
    0.5208812491E+00
    0.5230935295E+00
    0.5252723264E+00
    0.5279902774E+00
    0.5301690705E+00
    0.5329294475E+00
    0.5351227204E+00
    0.5378223521E+00
    0.5399821498E+00
    0.5427001159E+00
    0.5448789248E+00
    0.5476336219E+00
    0.5498748622E+00
    0.5525928133E+00
    0.5547861381E+00
    0.5575224593E+00
    0.5597302040E+00
    0.5624665813E+00
    0.5646743542E+00
    0.5673866097E+00
    0.5695694942E+00
    0.5723008456E+00
    0.5745282437E+00
    0.5772778914E+00
    0.5794572116E+00
    0.5822068543E+00
    0.5844678051E+00
    0.5871751496E+00
    0.5893544698E+00
    0.5921041327E+00
    0.5943460562E+00
    0.5971563846E+00
    0.5993647314E+00
    0.6020297877E+00
    0.6042091038E+00
    0.6069530361E+00
    0.6091614389E+00
    0.6119294035E+00
    0.6141858083E+00
    0.6169114441E+00
    0.6191198030E+00
    0.6218638161E+00
    0.6240386503E+00
    0.6267826382E+00
    0.6289909850E+00
    0.6317349425E+00
    0.6339578427E+00
    0.6366834937E+00
    0.6389063861E+00
    0.6416686653E+00
    0.6438725180E+00
    0.6466165057E+00
    0.6488394061E+00
    0.6516017104E+00
    0.6537910541E+00
    0.6565110352E+00
    0.6587148760E+00
    0.6614653414E+00
    0.6636756097E+00
    0.6664075761E+00
    0.6686032448E+00
    0.6712747009E+00
    0.6734849691E+00
    0.6762169657E+00
    0.6784563611E+00
    0.6811883430E+00
    0.6833986193E+00
    0.6861306306E+00
    0.6883218165E+00
    0.6910537682E+00
    0.6932786002E+00
    0.6959683360E+00
    0.6981594978E+00
    0.7008492628E+00
    0.7030067776E+00
    0.7057570942E+00
    0.7079628435E+00
    0.7106708887E+00
    0.7128620746E+00
    0.7155278183E+00
    0.7199729281E+00
    0.7205234713E+00
    0.7247712211E+00
    0.7253254746E+00
    0.7296695784E+00
    0.7302115363E+00
    0.7345557285E+00
    0.7351099882E+00
    0.7394159427E+00
    0.7399579006E+00
    0.7443020204E+00
    0.7448391058E+00
    0.7491159179E+00
    0.7496615807E+00
    0.7539676011E+00
    0.7545084060E+00
    0.7588144086E+00
    0.7593600766E+00
    0.7635987007E+00
    0.7641480910E+00
    0.7684541179E+00
    0.7689912003E+00
    0.7731916995E+00
    0.7737362206E+00
    0.7780422215E+00
    0.7785744406E+00
    0.7827458134E+00
    0.7832780184E+00
    0.7876422839E+00
    0.7881868045E+00
    0.7923581773E+00
    0.7928903946E+00
    0.7971873726E+00
    0.7977281745E+00
    0.8019286416E+00
    0.8024597016E+00
    0.8066310744E+00
    0.8071547098E+00
    0.8113844239E+00
    0.8119326509E+00
    0.8161240791E+00
    0.8166477099E+00
    0.8208482091E+00
    0.8213706876E+00
    0.8255039558E+00
    0.8260398852E+00
    0.8302313134E+00
    0.8307586568E+00
    0.8349883709E+00
    0.8355145655E+00
    0.8396455787E+00
    0.8401656645E+00
    0.8443765432E+00
    0.8448764775E+00
    0.8489905321E+00
    0.8494976470E+00
    0.8536792078E+00
    0.8541791609E+00
    0.8583225010E+00
    0.8588234846E+00
    0.8629690069E+00
    0.8634702252E+00
    0.8676158442E+00
    0.8681206166E+00
    0.8722369257E+00
    0.8727381293E+00
    0.8769130182E+00
    0.8774095624E+00
    0.8814875402E+00
    0.8819840717E+00
    0.8860620417E+00
    0.8865550170E+00
    0.8906622081E+00
    0.8911505083E+00
    0.8916470407E+00
    0.8998029319E+00
    0.9002912430E+00
    0.9012760755E+00
    0.9094229411E+00
    0.9104066704E+00
    0.9185242269E+00
    0.9194961522E+00
    0.9275369120E+00
    0.9285006111E+00
    0.9365505299E+00
    0.9375177841E+00
    0.9454909323E+00
    0.9534348099E+00
    0.9543985078E+00
    0.9583997264E+00
    0.9588833540E+00
    0.9608016385E+00
    0.9610352153E+00
    0.9620428919E+00
    0.9621655841E+00
    0.9622784888E+00
    0.9627383827E+00
    0.9628651560E+00
    0.9632913148E+00
    0.9636659603E+00
    0.9637738102E+00
    0.9638328185E+00
    0.9643851393E+00
    0.9644452584E+00
    0.9648713042E+00
    0.9649267450E+00
    0.9654790014E+00
    0.9655308764E+00
    0.9660246280E+00
    0.9660847495E+00
    0.9665107884E+00
    0.9665662332E+00
    0.9670215497E+00
    0.9670816648E+00
    0.9674784905E+00
    0.9675350407E+00
    0.9680287853E+00
    0.9680759926E+00
    0.9685989782E+00
    0.9686555323E+00
    0.9690522935E+00
    0.9691041686E+00
    0.9695686032E+00
    0.9696287144E+00
    0.9701516791E+00
    0.9702082332E+00
    0.9705374500E+00
    0.9705775250E+00
    0.9710419806E+00
    0.9710985268E+00
    0.9714952880E+00
    0.9715471735E+00
    0.9720408605E+00
    0.9720938498E+00
    0.9724613333E+00
    0.9725178804E+00
    0.9729147062E+00
    0.9729547803E+00
    0.9733899695E+00
    0.9734429548E+00
    0.9738397160E+00
    0.9738844613E+00
    0.9743196070E+00
    0.9743797325E+00
    0.9747765007E+00
    0.9748294860E+00
    0.9752263117E+00
    0.9752628217E+00
    0.9756979787E+00
    0.9757509601E+00
    0.9761184759E+00
    0.9761632212E+00
    0.9765983782E+00
    0.9766431313E+00
    0.9769429737E+00
    0.9769841541E+00
    0.9773900657E+00
    0.9774430549E+00
    0.9778781796E+00
    0.9779347259E+00
    0.9783315516E+00
    0.9784043803E+00
    0.9787017833E+00
    0.9788072759E+00
    0.9791304245E+00
    0.9792124077E+00
    0.9795098107E+00
    0.9795988911E+00
    0.9799221209E+00
    0.9800041197E+00
    0.9803610601E+00
    0.9804430434E+00
    0.9806809658E+00
    0.9807629490E+00
    0.9811198327E+00
    0.9812089130E+00
    0.9815320615E+00
    0.9816304570E+00
    0.9819278885E+00
    0.9819934907E+00
    0.9822909505E+00
    0.9823893304E+00
    0.9826867618E+00
    0.9827452513E+00
    0.9830426827E+00
    0.9831246659E+00
    0.9833368429E+00
    0.9834188339E+00
    0.9837757176E+00
    0.9838577165E+00
    0.9840956389E+00
    0.9842361273E+00
    0.9847457962E+00
    0.9849097627E+00
    0.9854450882E+00
    0.9855855765E+00
    0.9862141178E+00
    0.9863546061E+00
    0.9868384974E+00
    0.9869554714E+00
    0.9873461469E+00
    0.9874866353E+00
    0.9879704982E+00
    0.9880967750E+00
    0.9885469312E+00
    0.9886710229E+00
    0.9891549142E+00
    0.9893787360E+00
    0.9896654088E+00
    0.9899015485E+00
    0.9902067693E+00
    0.9904097997E+00
    0.9907150337E+00
    0.9909225484E+00
    0.9912277417E+00
    0.9914639130E+00
    0.9917320697E+00
    0.9919538829E+00
    0.9921978024E+00
    0.9923721762E+00
    0.9926161028E+00
    0.9928379476E+00
    0.9931061452E+00
    0.9932617917E+00
    0.9935056908E+00
    0.9936800941E+00
    0.9939055003E+00
    0.9941129835E+00
    0.9943384073E+00
    0.9944984896E+00
    0.9947423887E+00
    0.9949168044E+00
    0.9951236714E+00
    0.9952506230E+00
    0.9954760425E+00
    0.9956504266E+00
    0.9957960270E+00
    0.9959561196E+00
    0.9961629689E+00
    0.9962899624E+00
    0.9964968250E+00
    0.9966425458E+00
    0.9968494332E+00
    0.9969951800E+00
    0.9971593097E+00
    0.9973193604E+00
    0.9975077346E+00
    0.9975872990E+00
    0.9977143514E+00
    0.9978457772E+00
    0.9980098528E+00
    0.9981368284E+00
    0.9983066998E+00
    0.9984049949E+00
    0.9985320749E+00
    0.9986303700E+00
    0.9987331648E+00
    0.9988458282E+00
    0.9990156456E+00
    0.9990996457E+00
    0.9992267026E+00
    0.9993249977E+00
    0.9993907764E+00
    0.9994416595E+00
    0.9995074250E+00
    0.9995583363E+00
    0.9996669179E+00
    0.9997178190E+00
    0.9997593223E+00
    0.9997770803E+00
    0.9998856035E+00
    0.9999221724E+00
    0.9999451525E+00
    0.9999772789E+00
    0.9999389924E+00
    0.9999747468E+00
    0.9999840206E+00
    0.1000000000E+01
    0.0000000000E+00
   -0.4597132942E-03
   -0.5300054677E-03
   -0.1085540372E-02
   -0.1146881628E-02
   -0.1539577165E-02
   -0.1608664317E-02
   -0.2164217327E-02
   -0.2234502123E-02
   -0.2761139550E-02
   -0.2813557425E-02
   -0.3235207854E-02
   -0.3305481998E-02
   -0.3860993555E-02
   -0.3922357101E-02
   -0.4448990240E-02
   -0.4514204157E-02
   -0.4903621707E-02
   -0.4976316258E-02
   -0.5500464097E-02
   -0.5563920542E-02
   -0.6116940324E-02
   -0.6189643098E-02
   -0.6551648322E-02
   -0.6619106633E-02
   -0.7143333912E-02
   -0.7202786288E-02
   -0.7726918238E-02
   -0.7799620420E-02
   -0.8323811655E-02
   -0.8386840845E-02
   -0.8805933895E-02
   -0.8865951578E-02
   -0.9360659255E-02
   -0.9438063238E-02
   -0.9961588915E-02
   -0.1003092976E-01
   -0.1052566917E-01
   -0.1058970538E-01
   -0.1104661368E-01
   -0.1110663196E-01
   -0.1156355612E-01
   -0.1163692409E-01
   -0.1216042229E-01
   -0.1222446265E-01
   -0.1265262068E-01
   -0.1272196182E-01
   -0.1321664629E-01
   -0.1328069139E-01
   -0.1380413986E-01
   -0.1386414510E-01
   -0.1422580322E-01
   -0.1429514021E-01
   -0.1481859816E-01
   -0.1488793130E-01
   -0.1538257243E-01
   -0.1544258434E-01
   -0.1593729628E-01
   -0.1600133856E-01
   -0.1642946911E-01
   -0.1649880448E-01
   -0.1699349321E-01
   -0.1706282383E-01
   -0.1755752630E-01
   -0.1762686967E-01
   -0.1805502983E-01
   -0.1810570716E-01
   -0.1853378277E-01
   -0.1860311207E-01
   -0.1912661974E-01
   -0.1919596281E-01
   -0.1969065675E-01
   -0.1974662909E-01
   -0.2021260355E-01
   -0.2028194115E-01
   -0.2071007171E-01
   -0.2078343805E-01
   -0.2127801996E-01
   -0.2132466914E-01
   -0.2179054839E-01
   -0.2185988449E-01
   -0.2228812613E-01
   -0.2235746120E-01
   -0.2275674320E-01
   -0.2282204093E-01
   -0.2331669366E-01
   -0.2337266155E-01
   -0.2383855667E-01
   -0.2390789234E-01
   -0.2433599543E-01
   -0.2439196554E-01
   -0.2485790827E-01
   -0.2492320599E-01
   -0.2538908525E-01
   -0.2544909211E-01
   -0.2591497137E-01
   -0.2598027354E-01
   -0.2640836289E-01
   -0.2647365394E-01
   -0.2693956493E-01
   -0.2700486266E-01
   -0.2747069431E-01
   -0.2752667555E-01
   -0.2799255480E-01
   -0.2804851824E-01
   -0.2844792719E-01
   -0.2851322270E-01
   -0.2891250470E-01
   -0.2896848149E-01
   -0.2943434488E-01
   -0.2949964260E-01
   -0.2989901981E-01
   -0.2996431532E-01
   -0.3043019457E-01
   -0.3049549230E-01
   -0.3096135568E-01
   -0.3101732135E-01
   -0.3145440913E-01
   -0.3151970908E-01
   -0.3191900695E-01
   -0.3197093810E-01
   -0.3243683322E-01
   -0.3249279667E-01
   -0.3292988658E-01
   -0.3299518430E-01
   -0.3346101595E-01
   -0.3352228019E-01
   -0.3392168913E-01
   -0.3398699131E-01
   -0.3442404948E-01
   -0.3447598226E-01
   -0.3494182977E-01
   -0.3500713195E-01
   -0.3544419439E-01
   -0.3549611278E-01
   -0.3580015835E-01
   -0.3585738969E-01
   -0.3632326894E-01
   -0.3637923906E-01
   -0.3681626976E-01
   -0.3687753207E-01
   -0.3724798352E-01
   -0.3730923813E-01
   -0.3771752069E-01
   -0.3776945702E-01
   -0.3823532040E-01
   -0.3829657441E-01
   -0.3873370766E-01
   -0.3879496419E-01
   -0.3916544738E-01
   -0.3921738905E-01
   -0.3965450856E-01
   -0.3970643881E-01
   -0.4014354033E-01
   -0.4020075477E-01
   -0.4060893692E-01
   -0.4067019730E-01
   -0.4104073330E-01
   -0.4110200006E-01
   -0.4144376685E-01
   -0.4149569769E-01
   -0.4193274639E-01
   -0.4198063960E-01
   -0.4235117347E-01
   -0.4241243578E-01
   -0.4282067287E-01
   -0.4287260624E-01
   -0.4330960947E-01
   -0.4336279516E-01
   -0.4377118241E-01
   -0.4383244279E-01
   -0.4417413024E-01
   -0.4423135773E-01
   -0.4463962656E-01
   -0.4468222727E-01
   -0.4511927811E-01
   -0.4517649729E-01
   -0.4551821222E-01
   -0.4557139710E-01
   -0.4591309674E-01
   -0.4596502751E-01
   -0.4637332381E-01
   -0.4643054359E-01
   -0.4683881669E-01
   -0.4688671597E-01
   -0.4722841135E-01
   -0.4728159430E-01
   -0.4768986314E-01
   -0.4773775411E-01
   -0.4811711518E-01
   -0.4817434267E-01
   -0.4851619614E-01
   -0.4857342414E-01
   -0.4891509205E-01
   -0.4894961423E-01
   -0.4935788673E-01
   -0.4941510703E-01
   -0.4979451937E-01
   -0.4985174960E-01
   -0.5025999095E-01
   -0.5031720347E-01
   -0.5056359953E-01
   -0.5060217120E-01
   -0.5101045377E-01
   -0.5105959442E-01
   -0.5143898876E-01
   -0.5149622010E-01
   -0.5180922134E-01
   -0.5184374848E-01
   -0.5225198344E-01
   -0.5230516529E-01
   -0.5258921484E-01
   -0.5264644173E-01
   -0.5305470476E-01
   -0.5308923968E-01
   -0.5340218172E-01
   -0.5345132480E-01
   -0.5383080583E-01
   -0.5388802309E-01
   -0.5420087786E-01
   -0.5424473646E-01
   -0.5455768216E-01
   -0.5459750299E-01
   -0.5494819313E-01
   -0.5500138126E-01
   -0.5531424396E-01
   -0.5535809041E-01
   -0.5569983707E-01
   -0.5574369960E-01
   -0.5609433420E-01
   -0.5614752242E-01
   -0.5646038512E-01
   -0.5650424179E-01
   -0.5688372921E-01
   -0.5692883111E-01
   -0.5718408765E-01
   -0.5721861619E-01
   -0.5753155338E-01
   -0.5758070173E-01
   -0.5793134059E-01
   -0.5797520120E-01
   -0.5822158933E-01
   -0.5826544489E-01
   -0.5861605202E-01
   -0.5865183601E-01
   -0.5900250235E-01
   -0.5905569635E-01
   -0.5930206068E-01
   -0.5932849319E-01
   -0.5965031524E-01
   -0.5970351317E-01
   -0.6001644455E-01
   -0.6005222401E-01
   -0.6030746255E-01
   -0.6035131344E-01
   -0.6063539840E-01
   -0.6067119151E-01
   -0.6105066886E-01
   -0.6109452169E-01
   -0.6128326612E-01
   -0.6132308685E-01
   -0.6160718188E-01
   -0.6164296001E-01
   -0.6196484068E-01
   -0.6200466920E-01
   -0.6222223258E-01
   -0.6225800687E-01
   -0.6257980879E-01
   -0.6261962760E-01
   -0.6290367715E-01
   -0.6293945721E-01
   -0.6312824652E-01
   -0.6316807505E-01
   -0.6351870172E-01
   -0.6355447600E-01
   -0.6380970080E-01
   -0.6384951183E-01
   -0.6406713016E-01
   -0.6409358645E-01
   -0.6434889000E-01
   -0.6438467673E-01
   -0.6467771098E-01
   -0.6472281873E-01
   -0.6494036838E-01
   -0.6497085817E-01
   -0.6519734644E-01
   -0.6522909300E-01
   -0.6551320177E-01
   -0.6553965370E-01
   -0.6569951938E-01
   -0.6573529833E-01
   -0.6601943883E-01
   -0.6605118607E-01
   -0.6634422458E-01
   -0.6637471326E-01
   -0.6656344916E-01
   -0.6659519047E-01
   -0.6682161373E-01
   -0.6684402832E-01
   -0.6700397701E-01
   -0.6703977153E-01
   -0.6729518189E-01
   -0.6732692127E-01
   -0.6755334453E-01
   -0.6757979201E-01
   -0.6767313185E-01
   -0.6769554644E-01
   -0.6795084999E-01
   -0.6797326458E-01
   -0.6813315832E-01
   -0.6816894223E-01
   -0.6842424945E-01
   -0.6845195491E-01
   -0.6864965230E-01
   -0.6866274638E-01
   -0.6882266760E-01
   -0.6885843662E-01
   -0.6898951450E-01
   -0.6900789893E-01
   -0.6919663542E-01
   -0.6921904860E-01
   -0.6941678353E-01
   -0.6944853210E-01
   -0.6957960051E-01
   -0.6959797330E-01
   -0.6978672294E-01
   -0.6980509878E-01
   -0.6993616351E-01
   -0.6996261929E-01
   -0.7009376277E-01
   -0.7011214002E-01
   -0.7027211618E-01
   -0.7028116137E-01
   -0.7041232285E-01
   -0.7044003600E-01
   -0.7057112028E-01
   -0.7057612923E-01
   -0.7067844002E-01
   -0.7070086231E-01
   -0.7083203753E-01
   -0.7085041670E-01
   -0.7094371900E-01
   -0.7095806224E-01
   -0.7106041057E-01
   -0.7106945879E-01
   -0.7126710064E-01
   -0.7128547648E-01
   -0.7132129257E-01
   -0.7133033776E-01
   -0.7143262049E-01
   -0.7144695706E-01
   -0.7148277374E-01
   -0.7148780485E-01
   -0.7164772607E-01
   -0.7166205485E-01
   -0.7169780594E-01
   -0.7170282541E-01
   -0.7177630720E-01
   -0.7179063991E-01
   -0.7182634552E-01
   -0.7182605976E-01
   -0.7179526333E-01
   -0.7180960708E-01
   -0.7191194961E-01
   -0.7191695938E-01
   -0.7192393853E-01
   -0.7192492956E-01
   -0.7196064310E-01
   -0.7196564761E-01
   -0.7197262735E-01
   -0.7197360170E-01
   -0.7203813632E-01
   -0.7204314861E-01
   -0.7205012196E-01
   -0.7203916772E-01
   -0.7203080727E-01
   -0.7204877298E-01
   -0.7203781874E-01
   -0.7203880532E-01
   -0.7205668377E-01
   -0.7205918576E-01
   -0.7198163427E-01
   -0.7197076849E-01
   -0.7198872627E-01
   -0.7199123939E-01
   -0.7198028515E-01
   -0.7198807459E-01
   -0.7200596096E-01
   -0.7199914506E-01
   -0.7198824576E-01
   -0.7198671041E-01
   -0.7193803921E-01
   -0.7193121745E-01
   -0.7192026321E-01
   -0.7191872786E-01
   -0.7187005665E-01
   -0.7186323489E-01
   -0.7191886570E-01
   -0.7192666678E-01
   -0.7184918669E-01
   -0.7184236826E-01
   -0.7183142195E-01
   -0.7182584267E-01
   -0.7177711593E-01
   -0.7177028638E-01
   -0.7169285177E-01
   -0.7168200430E-01
   -0.7170883629E-01
   -0.7172067753E-01
   -0.7167195079E-01
   -0.7166108390E-01
   -0.7165017880E-01
   -0.7164460722E-01
   -0.7156715887E-01
   -0.7156034489E-01
   -0.7148286848E-01
   -0.7147200167E-01
   -0.7148991184E-01
   -0.7148838672E-01
   -0.7144865474E-01
   -0.7144712132E-01
   -0.7139831583E-01
   -0.7138744175E-01
   -0.7134779278E-01
   -0.7133694338E-01
   -0.7128827218E-01
   -0.7128144656E-01
   -0.7117513746E-01
   -0.7116956477E-01
   -0.7109208836E-01
   -0.7108526467E-01
   -0.7100773331E-01
   -0.7099284263E-01
   -0.7098195127E-01
   -0.7098445822E-01
   -0.7097351772E-01
   -0.7095862520E-01
   -0.7088117259E-01
   -0.7086626450E-01
   -0.7078873681E-01
   -0.7078191068E-01
   -0.7067561958E-01
   -0.7066072749E-01
   -0.7061213563E-01
   -0.7060127327E-01
   -0.7049495351E-01
   -0.7048410937E-01
   -0.7044429498E-01
   -0.7042938355E-01
   -0.7035202188E-01
   -0.7035048846E-01
   -0.7027286983E-01
   -0.7025797983E-01
   -0.7018058643E-01
   -0.7017375243E-01
   -0.7000092116E-01
   -0.6998603441E-01
   -0.6987976072E-01
   -0.6985553281E-01
   -0.6977804266E-01
   -0.6976718466E-01
   -0.6966088930E-01
   -0.6964598899E-01
   -0.6953967989E-01
   -0.6952882464E-01
   -0.6952882464E-01
   -0.6938478484E-01
   -0.6936055692E-01
   -0.6932075993E-01
   -0.6930586252E-01
   -0.6922848285E-01
   -0.6922694128E-01
   -0.6905405506E-01
   -0.6902983388E-01
   -0.6892357973E-01
   -0.6891272455E-01
   -0.6876869849E-01
   -0.6874447443E-01
   -0.6863813786E-01
   -0.6862324141E-01
   -0.6847918787E-01
   -0.6845899730E-01
   -0.6832393794E-01
   -0.6830903763E-01
   -0.6813619949E-01
   -0.6811197158E-01
   -0.6803446769E-01
   -0.6801957798E-01
   -0.6784672610E-01
   -0.6782249145E-01
   -0.6762084810E-01
   -0.6759663077E-01
   -0.6751915436E-01
   -0.6719154360E-01
   -0.6476066151E-01
   -0.6318204608E-01
   -0.6195856854E-01
   -0.6046532754E-01
   -0.5920866203E-01
   -0.5769694509E-01
   -0.5649230862E-01
   -0.5496209001E-01
   -0.5377627823E-01
   -0.5231292729E-01
   -0.5112715875E-01
   -0.4957849816E-01
   -0.4837830332E-01
   -0.4698189090E-01
   -0.4581936258E-01
   -0.4520488617E-01
   -0.4463802593E-01
   -0.4311353577E-01
   -0.4253227108E-01
   -0.4196983085E-01
   -0.4057916722E-01
   -0.4004548917E-01
   -0.3944987255E-01
   -0.3801654730E-01
   -0.3745411522E-01
   -0.3692485718E-01
   -0.3550990580E-01
   -0.3491428941E-01
   -0.3438505907E-01
   -0.3300008995E-01
   -0.3248524900E-01
   -0.3190842700E-01
   -0.3054197216E-01
   -0.3001328535E-01
   -0.2946845761E-01
   -0.2817125684E-01
   -0.2765965472E-01
   -0.2711478335E-01
   -0.2575642580E-01
   -0.2522596947E-01
   -0.2470002028E-01
   -0.2340275621E-01
   -0.2217227434E-01
   -0.2118237193E-01
   -0.1993346125E-01
   -0.1892919247E-01
   -0.1763766617E-01
   -0.1666665818E-01
   -0.1618832443E-01
   -0.1562124513E-01
   -0.1481203778E-01
   -0.1452528176E-01
   -0.1377077739E-01
   -0.1348487369E-01
   -0.1272997148E-01
   -0.1245558413E-01
   -0.1164600777E-01
   -0.1094581901E-01
   -0.1037582622E-01
   -0.1010142118E-01
   -0.8646259193E-02
   -0.8362670073E-02
   -0.8139865617E-02
   -0.6739446659E-02
   -0.6465052818E-02
   -0.5949491580E-02
   -0.4580069077E-02
   -0.4085708759E-02
   -0.2692657108E-02
   -0.2101822728E-02
   -0.1866251370E-02
   -0.1066722656E-02
   -0.9452027494E-03
    0.5601525838E-03
    0.7834855360E-03
    0.2186498087E-02
    0.2393277855E-02
    0.3127447274E-02
    0.3796218520E-02
    0.4003001342E-02
    0.4737176339E-02
    0.5377747279E-02
    0.5569398402E-02
    0.6238247520E-02
    0.6870014560E-02
    0.7070812745E-02
    0.7739677320E-02
    0.8343226389E-02
    0.8539451002E-02
    0.9077619913E-02
    0.9246729955E-02
    0.9915516660E-02
    0.1102019307E-01
    0.1118474595E-01
    0.1178824095E-01
    0.1187807983E-01
    0.1235093816E-01
    0.1243020929E-01
    0.1296846002E-01
    0.1304773556E-01
    0.1352055903E-01
    0.1361039287E-01
    0.1411157451E-01
    0.1417572955E-01
    0.1432493455E-01
    0.1474439893E-01
    0.1514024318E-01
    0.1529659530E-01
    0.1569237488E-01
    0.1584870925E-01
    0.1618983046E-01
    0.1632499485E-01
    0.1668976227E-01
    0.1683407862E-01
    0.1717527153E-01
    0.1728919103E-01
    0.1763031296E-01
    0.1776546949E-01
    0.1799721889E-01
    0.1812033087E-01
    0.1856348310E-01
    0.1867742823E-01
    0.1890924911E-01
    0.1902316834E-01
    0.1930959330E-01
    0.1940234235E-01
    0.1963409786E-01
    0.1975721047E-01
    0.2004367964E-01
    0.2013642103E-01
    0.2036823885E-01
    0.2046095433E-01
    0.2071637019E-01
    0.2081829557E-01
    0.2099537223E-01
    0.2108810541E-01
    0.2131992773E-01
    0.2141265142E-01
    0.2161345405E-01
    0.2166376980E-01
    0.2182236409E-01
    0.2194525779E-01
    0.2205369173E-01
    0.2217266407E-01
    0.2228103006E-01
    0.2241840796E-01
    0.2249339743E-01
    0.2265479093E-01
    0.2271522474E-01
    0.2283424560E-01
    0.2294265161E-01
    0.2297682568E-01
    0.2303280127E-01
    0.2315177361E-01
    0.2322671980E-01
    0.2330333419E-01
    0.2334481221E-01
    0.2342140808E-01
    0.2346289770E-01
    0.2347870223E-01
    0.2350494998E-01
    0.2358138914E-01
    0.2358939600E-01
    0.2362357847E-01
    0.2365064284E-01
    0.2368473999E-01
    0.2370726969E-01
    0.2372305822E-01
    0.2375012260E-01
    0.2378426990E-01
    0.2375872934E-01
    0.2376883383E-01
    0.2372875999E-01
    0.2372624473E-01
    0.2375330725E-01
    0.2368445504E-01
    0.2364440556E-01
    0.2363617319E-01
    0.2357709919E-01
    0.2355054571E-01
    0.2351044400E-01
    0.2344162658E-01
    0.2338708000E-01
    0.2331821010E-01
    0.2327813638E-01
    0.2320925369E-01
    0.2313564465E-01
    0.2310913898E-01
    0.2303552598E-01
    0.2292431407E-01
    0.2280265926E-01
    0.2273378967E-01
    0.2266018014E-01
    0.2254902103E-01
    0.2246088689E-01
    0.2233136604E-01
    0.2220967285E-01
    0.2213920856E-01
    0.2201717219E-01
    0.2184570543E-01
    0.2175733288E-01
    0.2160981799E-01
    0.2148778163E-01
    0.2131632794E-01
    0.2112699828E-01
    0.2095557857E-01
    0.2083354568E-01
    0.2066205801E-01
    0.2049181116E-01
    0.2032037838E-01
    0.2016469487E-01
    0.1997494762E-01
    0.1980469036E-01
    0.1961495870E-01
    0.1943014011E-01
    0.1921647149E-01
    0.1901257850E-01
    0.1878061321E-01
    0.1861036637E-01
    0.1836009135E-01
    0.1796692280E-01
    0.1791976495E-01
    0.1752102145E-01
    0.1746527488E-01
    0.1702833830E-01
    0.1697746379E-01
    0.1654049883E-01
    0.1648475492E-01
    0.1595140717E-01
    0.1590053266E-01
    0.1546360302E-01
    0.1540043397E-01
    0.1493437098E-01
    0.1487489755E-01
    0.1434157357E-01
    0.1426981130E-01
    0.1373648438E-01
    0.1367702166E-01
    0.1311459271E-01
    0.1304654710E-01
    0.1251316403E-01
    0.1244998516E-01
    0.1179108888E-01
    0.1171074105E-01
    0.1117741815E-01
    0.1110194024E-01
    0.1051033567E-01
    0.1043485104E-01
    0.9766873599E-02
    0.9686526795E-02
    0.9094922228E-02
    0.9019442913E-02
    0.8322417140E-02
    0.8250645040E-02
    0.7591734877E-02
    0.7495366536E-02
    0.6903761969E-02
    0.6824569298E-02
    0.6098352942E-02
    0.6009415133E-02
    0.5186795155E-02
    0.5107590751E-02
    0.4448694478E-02
    0.4348611757E-02
    0.3660624882E-02
    0.3576558244E-02
    0.2753938266E-02
    0.2666156499E-02
    0.1939940143E-02
    0.1831271871E-02
    0.1038805442E-02
    0.9495098455E-03
    0.1230411312E-03
    0.3486393649E-04
   -0.7531785600E-03
   -0.8579128237E-03
   -0.1616736010E-02
   -0.1704913278E-02
   -0.2560615257E-02
   -0.2669533780E-02
   -0.3525717524E-02
   -0.3621731630E-02
   -0.4477873490E-02
   -0.4582120205E-02
   -0.5370634852E-02
   -0.5466647185E-02
   -0.6390500627E-02
   -0.6498308832E-02
   -0.7383728359E-02
   -0.7491550237E-02
   -0.8377040171E-02
   -0.8476613993E-02
   -0.9429702618E-02
   -0.9541079112E-02
   -0.9648892416E-02
   -0.1141975939E-01
   -0.1153113936E-01
   -0.1175032916E-01
   -0.1368580670E-01
   -0.1392504042E-01
   -0.1579280421E-01
   -0.1602735987E-01
   -0.1808915428E-01
   -0.1832728688E-01
   -0.2022433640E-01
   -0.2047069303E-01
   -0.2256165654E-01
   -0.2458499500E-01
   -0.2482311412E-01
   -0.2590238529E-01
   -0.2602557034E-01
   -0.2656069201E-01
   -0.2662584747E-01
   -0.2691258633E-01
   -0.2694750175E-01
   -0.2697847229E-01
   -0.2706190966E-01
   -0.2708492544E-01
   -0.2725358888E-01
   -0.2730331757E-01
   -0.2733253274E-01
   -0.2735589656E-01
   -0.2751845689E-01
   -0.2752177240E-01
   -0.2757832372E-01
   -0.2759344557E-01
   -0.2775603382E-01
   -0.2776291762E-01
   -0.2779016335E-01
   -0.2779348475E-01
   -0.2785001994E-01
   -0.2786514009E-01
   -0.2798931645E-01
   -0.2799263367E-01
   -0.2798149975E-01
   -0.2797658089E-01
   -0.2800381048E-01
   -0.2802250311E-01
   -0.2811746632E-01
   -0.2811254575E-01
   -0.2810143976E-01
   -0.2810832357E-01
   -0.2806792595E-01
   -0.2807124487E-01
   -0.2816615969E-01
   -0.2816123912E-01
   -0.2817936891E-01
   -0.2818158349E-01
   -0.2814123426E-01
   -0.2813631709E-01
   -0.2812521110E-01
   -0.2813209740E-01
   -0.2815937105E-01
   -0.2814621439E-01
   -0.2806746723E-01
   -0.2806255203E-01
   -0.2805141812E-01
   -0.2805363073E-01
   -0.2794557798E-01
   -0.2793242302E-01
   -0.2792131704E-01
   -0.2791172867E-01
   -0.2780375223E-01
   -0.2780707194E-01
   -0.2779598208E-01
   -0.2778282712E-01
   -0.2777169322E-01
   -0.2776567171E-01
   -0.2765763292E-01
   -0.2764447966E-01
   -0.2756571854E-01
   -0.2755613018E-01
   -0.2744809139E-01
   -0.2743849963E-01
   -0.2738903014E-01
   -0.2737120569E-01
   -0.2719551176E-01
   -0.2718235511E-01
   -0.2707433028E-01
   -0.2706941312E-01
   -0.2705827921E-01
   -0.2701904651E-01
   -0.2689031919E-01
   -0.2686412652E-01
   -0.2679487981E-01
   -0.2675939435E-01
   -0.2663066703E-01
   -0.2661157822E-01
   -0.2654236368E-01
   -0.2650687145E-01
   -0.2635237411E-01
   -0.2631688865E-01
   -0.2621390679E-01
   -0.2617842134E-01
   -0.2602394855E-01
   -0.2600485974E-01
   -0.2593561303E-01
   -0.2589302371E-01
   -0.2576428411E-01
   -0.2573588898E-01
   -0.2560713710E-01
   -0.2556455455E-01
   -0.2543581495E-01
   -0.2539102994E-01
   -0.2526229034E-01
   -0.2522680488E-01
   -0.2506434241E-01
   -0.2502885357E-01
   -0.2487438078E-01
   -0.2483888856E-01
   -0.2473590670E-01
   -0.2465562946E-01
   -0.2436433383E-01
   -0.2429336292E-01
   -0.2406165373E-01
   -0.2398137650E-01
   -0.2363869578E-01
   -0.2355841854E-01
   -0.2320772358E-01
   -0.2311814183E-01
   -0.2287841841E-01
   -0.2279814117E-01
   -0.2244745850E-01
   -0.2233439082E-01
   -0.2206892194E-01
   -0.2199574179E-01
   -0.2164504684E-01
   -0.2144573709E-01
   -0.2116926436E-01
   -0.2098845378E-01
   -0.2075472115E-01
   -0.2058821343E-01
   -0.2035451140E-01
   -0.2010748104E-01
   -0.1987379667E-01
   -0.1969297242E-01
   -0.1937372154E-01
   -0.1915981185E-01
   -0.1890185650E-01
   -0.1866914268E-01
   -0.1841114791E-01
   -0.1819722455E-01
   -0.1787795601E-01
   -0.1769268575E-01
   -0.1743473923E-01
   -0.1720205015E-01
   -0.1690126702E-01
   -0.1665425034E-01
   -0.1635350801E-01
   -0.1608768931E-01
   -0.1582974280E-01
   -0.1559703899E-01
   -0.1525353617E-01
   -0.1500205769E-01
   -0.1470130516E-01
   -0.1446861502E-01
   -0.1410080179E-01
   -0.1383500677E-01
   -0.1349146315E-01
   -0.1323999468E-01
   -0.1289648166E-01
   -0.1259756964E-01
   -0.1225405798E-01
   -0.1195516280E-01
   -0.1163015833E-01
   -0.1136435330E-01
   -0.1097801386E-01
   -0.1070776495E-01
   -0.1029721162E-01
   -0.9965186835E-02
   -0.9640169419E-02
   -0.9388746184E-02
   -0.8959659192E-02
   -0.8641974615E-02
   -0.8231373032E-02
   -0.7913688454E-02
   -0.7564439492E-02
   -0.7279864030E-02
   -0.6850764098E-02
   -0.6499966754E-02
   -0.6089423630E-02
   -0.5771739053E-02
   -0.5336914754E-02
   -0.5000489189E-02
   -0.4565634290E-02
   -0.4229187169E-02
   -0.3775848232E-02
   -0.3439377436E-02
   -0.3065816700E-02
   -0.2743700838E-02
   -0.2290338761E-02
   -0.1920799369E-02
   -0.1504499909E-02
   -0.1215493162E-02
   -0.7748832968E-03
   -0.5054445047E-03
   -0.2894133669E-03
   -0.7343996392E-16
