         990
    0.0000000000E+00
    0.7603228911E-05
    0.4882270025E-04
    0.4827100686E-04
    0.2543389719E-04
    0.4135148813E-04
    0.8253028515E-04
    0.5721263131E-04
    0.7733499129E-04
    0.9326835474E-04
    0.1130793565E-03
    0.1125512241E-03
    0.1110412332E-03
    0.1186601691E-03
    0.1599356940E-03
    0.1841500248E-03
    0.1612315643E-03
    0.1771648631E-03
    0.2610731224E-03
    0.2605529086E-03
    0.2591242663E-03
    0.2831967141E-03
    0.3671102693E-03
    0.3665684741E-03
    0.3658439012E-03
    0.3982464843E-03
    0.3976034296E-03
    0.4056301971E-03
    0.4669217435E-03
    0.4850225518E-03
    0.4954409638E-03
    0.5325048828E-03
    0.5427645811E-03
    0.5422315091E-03
    0.5740286840E-03
    0.5733876268E-03
    0.5622506598E-03
    0.6560910969E-03
    0.6665119945E-03
    0.6469255267E-03
    0.6785436837E-03
    0.6968658854E-03
    0.6965410011E-03
    0.7524007780E-03
    0.7841851905E-03
    0.8025929926E-03
    0.8128502892E-03
    0.8310049418E-03
    0.8628147963E-03
    0.8811729943E-03
    0.8700385967E-03
    0.9258623773E-03
    0.9790128730E-03
    0.9974342848E-03
    0.9862998873E-03
    0.1023426724E-02
    0.1055254565E-02
    0.1130113745E-02
    0.1172503126E-02
    0.1171866605E-02
    0.1171554484E-02
    0.1208667859E-02
    0.1229650466E-02
    0.1266791060E-02
    0.1309200829E-02
    0.1365354138E-02
    0.1365001242E-02
    0.1383065906E-02
    0.1404130063E-02
    0.1460319516E-02
    0.1502708898E-02
    0.1520791560E-02
    0.1531197209E-02
    0.1587332520E-02
    0.1597574400E-02
    0.1653434179E-02
    0.1706605062E-02
    0.1725017251E-02
    0.1735279518E-02
    0.1791410443E-02
    0.1801859436E-02
    0.1857683216E-02
    0.1900072598E-02
    0.1956243906E-02
    0.1977257094E-02
    0.2033044880E-02
    0.2064849680E-02
    0.2121039133E-02
    0.2152667484E-02
    0.2189731403E-02
    0.2221538856E-02
    0.2258728906E-02
    0.2279739440E-02
    0.2335910748E-02
    0.2378333365E-02
    0.2415415428E-02
    0.2436438810E-02
    0.2511302527E-02
    0.2564473410E-02
    0.2601568787E-02
    0.2622612555E-02
    0.2678770551E-02
    0.2699763268E-02
    0.2755623045E-02
    0.2798063480E-02
    0.2854198791E-02
    0.2875181397E-02
    0.2969057829E-02
    0.3000872822E-02
    0.3056714601E-02
    0.3109885483E-02
    0.3166056939E-02
    0.3176298820E-02
    0.3251157850E-02
    0.3304336441E-02
    0.3360507896E-02
    0.3402920234E-02
    0.3440002152E-02
    0.3461022965E-02
    0.3535936137E-02
    0.3589127408E-02
    0.3683003838E-02
    0.3704027219E-02
    0.3797935258E-02
    0.3851106142E-02
    0.3869188804E-02
    0.3900817155E-02
    0.3956952466E-02
    0.3988770113E-02
    0.4101406408E-02
    0.4154584915E-02
    0.4210648235E-02
    0.4253050465E-02
    0.4347034881E-02
    0.4400226152E-02
    0.4456049934E-02
    0.4466291814E-02
    0.4560154932E-02
    0.4613325816E-02
    0.4650457189E-02
    0.4703638351E-02
    0.4797514782E-02
    0.4839904163E-02
    0.4933839271E-02
    0.4987040821E-02
    0.5061877317E-02
    0.5104266697E-02
    0.5198165812E-02
    0.5251346973E-02
    0.5326188007E-02
    0.5368577389E-02
    0.5462471965E-02
    0.5483495346E-02
    0.5558354378E-02
    0.5632942314E-02
    0.5670060374E-02
    0.5691060799E-02
    0.5822714345E-02
    0.5897304851E-02
    0.5934422911E-02
    0.5987593793E-02
    0.6119175347E-02
    0.6161572437E-02
    0.6255552467E-02
    0.6308723351E-02
    0.6383586918E-02
    0.6458134163E-02
    0.6552024204E-02
    0.6573057695E-02
    0.6704639249E-02
    0.6779196688E-02
    0.6854091864E-02
    0.6896481245E-02
    0.6971669802E-02
    0.7046257823E-02
    0.7177857525E-02
    0.7209662324E-02
    0.7284503358E-02
    0.7348455743E-02
    0.7480127433E-02
    0.7543872706E-02
    0.7580972619E-02
    0.7634151211E-02
    0.7765822904E-02
    0.7829611519E-02
    0.7923487951E-02
    0.7976712457E-02
    0.8089308219E-02
    0.8163834992E-02
    0.8276751208E-02
    0.8297794977E-02
    0.8429462133E-02
    0.8514754992E-02
    0.8589618559E-02
    0.8642815052E-02
    0.8774437287E-02
    0.8838213140E-02
    0.8951138281E-02
    0.9004360217E-02
    0.9116991976E-02
    0.9212895027E-02
    0.9306771459E-02
    0.9359952535E-02
    0.9487951853E-02
    0.9562853706E-02
    0.9656497281E-02
    0.9709911258E-02
    0.9841238244E-02
    0.9916101638E-02
    0.1000975879E-01
    0.1006318300E-01
    0.1013808744E-01
    0.1030706192E-01
    0.1036046567E-01
    0.1045411377E-01
    0.1055043681E-01
    0.1070071155E-01
    0.1076496448E-01
    0.1083965593E-01
    0.1090375212E-01
    0.1103509706E-01
    0.1113139963E-01
    0.1131932639E-01
    0.1138355885E-01
    0.1145825015E-01
    0.1152234376E-01
    0.1163497552E-01
    0.1172065989E-01
    0.1188963452E-01
    0.1196452614E-01
    0.1211480525E-01
    0.1216822181E-01
    0.1224291326E-01
    0.1233764675E-01
    0.1252527318E-01
    0.1258967182E-01
    0.1270218093E-01
    0.1280965361E-01
    0.1295940654E-01
    0.1300209697E-01
    0.1311455666E-01
    0.1322194707E-01
    0.1339073317E-01
    0.1345516519E-01
    0.1354868150E-01
    0.1363440233E-01
    0.1382206010E-01
    0.1390799447E-01
    0.1403910078E-01
    0.1412505567E-01
    0.1427515041E-01
    0.1436083519E-01
    0.1449193246E-01
    0.1455634395E-01
    0.1470647455E-01
    0.1481391126E-01
    0.1498260306E-01
    0.1509005771E-01
    0.1518361454E-01
    0.1524802604E-01
    0.1543567025E-01
    0.1552138841E-01
    0.1570910449E-01
    0.1579504912E-01
    0.1590754029E-01
    0.1601497442E-01
    0.1618367525E-01
    0.1623722104E-01
    0.1638728881E-01
    0.1649472553E-01
    0.1666342636E-01
    0.1677089387E-01
    0.1695859202E-01
    0.1704449559E-01
    0.1713802094E-01
    0.1723460222E-01
    0.1742225095E-01
    0.1750816479E-01
    0.1765825049E-01
    0.1776568720E-01
    0.1795334498E-01
    0.1806080222E-01
    0.1826746183E-01
    0.1834254076E-01
    0.1847368292E-01
    0.1858111964E-01
    0.1876878193E-01
    0.1887625970E-01
    0.1902632747E-01
    0.1911222846E-01
    0.1929990853E-01
    0.1941820319E-01
    0.1958695795E-01
    0.1966202662E-01
    0.1981204045E-01
    0.1991947717E-01
    0.2012610092E-01
    0.2023355817E-01
    0.2042125631E-01
    0.2053955865E-01
    0.2070829534E-01
    0.2080486902E-01
    0.2099253131E-01
    0.2109996803E-01
    0.2130659163E-01
    0.2140337109E-01
    0.2155345679E-01
    0.2168241638E-01
    0.2188907147E-01
    0.2199652871E-01
    0.2216526992E-01
    0.2225116824E-01
    0.2243880808E-01
    0.2254626532E-01
    0.2275291137E-01
    0.2289275211E-01
    0.2308037854E-01
    0.2316630265E-01
    0.2337298003E-01
    0.2351278472E-01
    0.2368154400E-01
    0.2377812528E-01
    0.2398468606E-01
    0.2408147586E-01
    0.2428810865E-01
    0.2442793387E-01
    0.2465323979E-01
    0.2476067651E-01
    0.2492967440E-01
    0.2504795621E-01
    0.2527324888E-01
    0.2539158209E-01
    0.2557928898E-01
    0.2569741366E-01
    0.2594164097E-01
    0.2605988948E-01
    0.2622889160E-01
    0.2634721446E-01
    0.2657251617E-01
    0.2671234397E-01
    0.2691894979E-01
    0.2704790938E-01
    0.2725451505E-01
    0.2735128175E-01
    0.2759555366E-01
    0.2773537887E-01
    0.2792300530E-01
    0.2805198542E-01
    0.2825860917E-01
    0.2835533990E-01
    0.2859957595E-01
    0.2873942945E-01
    0.2894612040E-01
    0.2908594561E-01
    0.2929251994E-01
    0.2941079157E-01
    0.2965500970E-01
    0.2977329151E-01
    0.3001754563E-01
    0.3015737085E-01
    0.3040160690E-01
    0.3054144246E-01
    0.3069151022E-01
    0.3082064748E-01
    0.3106486123E-01
    0.3119383108E-01
    0.3143810299E-01
    0.3157792820E-01
    0.3184108986E-01
    0.3198090489E-01
    0.3218751508E-01
    0.3231665233E-01
    0.3256086609E-01
    0.3270072209E-01
    0.3294496266E-01
    0.3308475708E-01
    0.3334791873E-01
    0.3349857886E-01
    0.3370523394E-01
    0.3382354663E-01
    0.3408672621E-01
    0.3423740686E-01
    0.3448160706E-01
    0.3462141174E-01
    0.3484701473E-01
    0.3499767486E-01
    0.3522296752E-01
    0.3534128021E-01
    0.3560447772E-01
    0.3577667098E-01
    0.3602091155E-01
    0.3614987115E-01
    0.3645059147E-01
    0.3660125159E-01
    0.3680787082E-01
    0.3693706965E-01
    0.3720026716E-01
    0.3734007185E-01
    0.3760325143E-01
    0.3777543443E-01
    0.3803861401E-01
    0.3818925361E-01
    0.3843347173E-01
    0.3856262951E-01
    0.3882584495E-01
    0.3899803821E-01
    0.3926121780E-01
    0.3941190871E-01
    0.3971266489E-01
    0.3986333528E-01
    0.4012656864E-01
    0.4029875164E-01
    0.4052424706E-01
    0.4065340484E-01
    0.4095426858E-01
    0.4112645158E-01
    0.4138957738E-01
    0.4154027856E-01
    0.4184110645E-01
    0.4201326892E-01
    0.4223880020E-01
    0.4238948085E-01
    0.4269027288E-01
    0.4284095354E-01
    0.4310413312E-01
    0.4325481377E-01
    0.4357453141E-01
    0.4375756985E-01
    0.4402073150E-01
    0.4417141215E-01
    0.4447224004E-01
    0.4464443330E-01
    0.4492654286E-01
    0.4512042639E-01
    0.4538358805E-01
    0.4551274583E-01
    0.4581353786E-01
    0.4599658648E-01
    0.4627874093E-01
    0.4663396237E-01
    0.4727341542E-01
    0.4791933065E-01
    0.4908520116E-01
    0.5046328025E-01
    0.5275730578E-01
    0.5409218207E-01
    0.5649934624E-01
    0.5789896105E-01
    0.6030606691E-01
    0.6169503223E-01
    0.6412081605E-01
    0.6552043862E-01
    0.6790898765E-01
    0.6926556439E-01
    0.7172928001E-01
    0.7315060312E-01
    0.7559262960E-01
    0.7682148125E-01
    0.7946684165E-01
    0.8069568436E-01
    0.8334102081E-01
    0.8334102081E-01
    0.8600669237E-01
    0.8724501943E-01
    0.8995105730E-01
    0.9117985755E-01
    0.9242761523E-01
    0.9507328003E-01
    0.9629282007E-01
    0.9901922200E-01
    0.1002857085E+00
    0.1030121202E+00
    0.1042598533E+00
    0.1069459661E+00
    0.1082124750E+00
    0.1109592507E+00
    0.1122352306E+00
    0.1149616180E+00
    0.1162375666E+00
    0.1189843230E+00
    0.1202509532E+00
    0.1230787991E+00
    0.1243735302E+00
    0.1271202771E+00
    0.1284056518E+00
    0.1311728061E+00
    0.1324487569E+00
    0.1352562244E+00
    0.1365416214E+00
    0.1393087082E+00
    0.1405753764E+00
    0.1434235481E+00
    0.1459842848E+00
    0.1474596790E+00
    0.1501123116E+00
    0.1516201021E+00
    0.1542537868E+00
    0.1557724198E+00
    0.1583685100E+00
    0.1598762543E+00
    0.1625288736E+00
    0.1640368417E+00
    0.1666894475E+00
    0.1682081088E+00
    0.1708420770E+00
    0.1723715295E+00
    0.1750241488E+00
    0.1765427639E+00
    0.1792143580E+00
    0.1807438388E+00
    0.1834154552E+00
    0.1849449437E+00
    0.1876164751E+00
    0.1891568239E+00
    0.1918284225E+00
    0.1933578776E+00
    0.1960484018E+00
    0.1976102505E+00
    0.2003197226E+00
    0.2018924319E+00
    0.2046016070E+00
    0.2061419509E+00
    0.2088514230E+00
    0.2104025734E+00
    0.2131496355E+00
    0.2147223832E+00
    0.2174508750E+00
    0.2190020306E+00
    0.2216925593E+00
    0.2232437560E+00
    0.2259721760E+00
    0.2275557329E+00
    0.2303217698E+00
    0.2318946312E+00
    0.2346420216E+00
    0.2362255735E+00
    0.2389916240E+00
    0.2405645109E+00
    0.2433118519E+00
    0.2449277871E+00
    0.2476752268E+00
    0.2492481086E+00
    0.2520896316E+00
    0.2536949019E+00
    0.2564423372E+00
    0.2580475948E+00
    0.2608515187E+00
    0.2624352815E+00
    0.2652582026E+00
    0.2668742770E+00
    0.2696405975E+00
    0.2712567412E+00
    0.2740985790E+00
    0.2756931408E+00
    0.2784784405E+00
    0.2801160969E+00
    0.2829765812E+00
    0.2845926581E+00
    0.2874156286E+00
    0.2890534499E+00
    0.2918766095E+00
    0.2934820370E+00
    0.2963238747E+00
    0.2979508405E+00
    0.3007927277E+00
    0.3024305361E+00
    0.3053102696E+00
    0.3069695982E+00
    0.3097927893E+00
    0.3114414711E+00
    0.3143588442E+00
    0.3159751245E+00
    0.3188359101E+00
    0.3204954191E+00
    0.3233565420E+00
    0.3250052108E+00
    0.3279039484E+00
    0.3295634599E+00
    0.3324432025E+00
    0.3340811975E+00
    0.3369423160E+00
    0.3386233542E+00
    0.3415220649E+00
    0.3431815828E+00
    0.3461368325E+00
    0.3478180342E+00
    0.3506980929E+00
    0.3523469388E+00
    0.3552645995E+00
    0.3569349484E+00
    0.3598150542E+00
    0.3614854333E+00
    0.3644220421E+00
    0.3660817438E+00
    0.3689807576E+00
    0.3706943324E+00
    0.3736309671E+00
    0.3753015062E+00
    0.3782194411E+00
    0.3799006683E+00
    0.3828562740E+00
    0.3845376556E+00
    0.3874931897E+00
    0.3891852570E+00
    0.3921222068E+00
    0.3938036062E+00
    0.3967592119E+00
    0.3984297381E+00
    0.4013666163E+00
    0.4030803968E+00
    0.4060173463E+00
    0.4076987327E+00
    0.4106375324E+00
    0.4123443043E+00
    0.4153045092E+00
    0.4170222017E+00
    0.4199447271E+00
    0.4216725213E+00
    0.4246284795E+00
    0.4263394604E+00
    0.4292766332E+00
    0.4309985886E+00
    0.4339734394E+00
    0.4357063729E+00
    0.4386249658E+00
    0.4403469198E+00
    0.4433029026E+00
    0.4450467857E+00
    0.4480404397E+00
    0.4497406196E+00
    0.4526592327E+00
    0.4543921778E+00
    0.4573858654E+00
    0.4591079823E+00
    0.4620642199E+00
    0.4638081146E+00
    0.4667644325E+00
    0.4684975288E+00
    0.4714911805E+00
    0.4732242871E+00
    0.4761993749E+00
    0.4779215255E+00
    0.4808778479E+00
    0.4826109168E+00
    0.4856048480E+00
    0.4873162026E+00
    0.4902913216E+00
    0.4920353778E+00
    0.4949731628E+00
    0.4967172567E+00
    0.4997300426E+00
    0.5014850770E+00
    0.5044043069E+00
    0.5061156536E+00
    0.5091284640E+00
    0.5108835010E+00
    0.5138589284E+00
    0.5156031760E+00
    0.5185971562E+00
    0.5203522101E+00
    0.5233464499E+00
    0.5250907066E+00
    0.5280661806E+00
    0.5297886592E+00
    0.5327455158E+00
    0.5344897387E+00
    0.5374655168E+00
    0.5392097891E+00
    0.5421960258E+00
    0.5439367252E+00
    0.5469425078E+00
    0.5486827107E+00
    0.5516096559E+00
    0.5533546613E+00
    0.5563748930E+00
    0.5581528453E+00
    0.5611170154E+00
    0.5628619998E+00
    0.5658449513E+00
    0.5675901559E+00
    0.5705359449E+00
    0.5722919820E+00
    0.5752749334E+00
    0.5770420034E+00
    0.5799877924E+00
    0.5817219457E+00
    0.5847051688E+00
    0.5864613705E+00
    0.5894258765E+00
    0.5911929818E+00
    0.5941947348E+00
    0.5959400869E+00
    0.5988861475E+00
    0.6006313260E+00
    0.6036146201E+00
    0.6053489373E+00
    0.6082949991E+00
    0.6100622675E+00
    0.6130083147E+00
    0.6147426319E+00
    0.6176886937E+00
    0.6194340699E+00
    0.6224176357E+00
    0.6241629793E+00
    0.6271277738E+00
    0.6288841732E+00
    0.6318489797E+00
    0.6335724251E+00
    0.6365109068E+00
    0.6382743757E+00
    0.6412091243E+00
    0.6429663084E+00
    0.6459011195E+00
    0.6476581258E+00
    0.6506116027E+00
    0.6523467324E+00
    0.6552815247E+00
    0.6570166609E+00
    0.6599330648E+00
    0.6616793302E+00
    0.6645957430E+00
    0.6663417981E+00
    0.6692395159E+00
    0.6709857746E+00
    0.6745165933E+00
    0.6757377996E+00
    0.6769285495E+00
    0.6803591508E+00
    0.6815306836E+00
    0.6850848690E+00
    0.6862415916E+00
    0.6897070569E+00
    0.6908860481E+00
    0.6943738767E+00
    0.6955306090E+00
    0.6989294726E+00
    0.7000788416E+00
    0.7035666517E+00
    0.7047233901E+00
    0.7081892616E+00
    0.7093328277E+00
    0.7128708282E+00
    0.7140220088E+00
    0.7174711333E+00
    0.7186148851E+00
    0.7220420165E+00
    0.7231858969E+00
    0.7266798265E+00
    0.7278310134E+00
    0.7312581843E+00
    0.7323946360E+00
    0.7358661447E+00
    0.7370026036E+00
    0.7404297322E+00
    0.7415736047E+00
    0.7450229944E+00
    0.7461424901E+00
    0.7494973689E+00
    0.7506096784E+00
    0.7540762784E+00
    0.7551885754E+00
    0.7586105612E+00
    0.7597301830E+00
    0.7631746619E+00
    0.7642724694E+00
    0.7676723306E+00
    0.7687646312E+00
    0.7721473848E+00
    0.7732614925E+00
    0.7766667753E+00
    0.7777664056E+00
    0.7811717097E+00
    0.7822569303E+00
    0.7856175862E+00
    0.7867172497E+00
    0.7901225751E+00
    0.7912077896E+00
    0.7946134200E+00
    0.7956914840E+00
    0.7990519967E+00
    0.8001277657E+00
    0.8035050319E+00
    0.8045665721E+00
    0.8078992795E+00
    0.8089750222E+00
    0.8123749038E+00
    0.8134222541E+00
    0.8167549590E+00
    0.8178183545E+00
    0.8212235149E+00
    0.8222657155E+00
    0.8255586414E+00
    0.8266221091E+00
    0.8299822464E+00
    0.8310244462E+00
    0.8343850191E+00
    0.8354273365E+00
    0.8387425629E+00
    0.8397847703E+00
    0.8431003250E+00
    0.8441426357E+00
    0.8474353018E+00
    0.8484541973E+00
    0.8517409999E+00
    0.8527529951E+00
    0.8561073874E+00
    0.8571332931E+00
    0.8604428203E+00
    0.8614497635E+00
    0.8647416055E+00
    0.8657485811E+00
    0.8690403178E+00
    0.8700542598E+00
    0.8733008109E+00
    0.8742869688E+00
    0.8776468422E+00
    0.8786469303E+00
    0.8818934382E+00
    0.8829004197E+00
    0.8861698139E+00
    0.8871699143E+00
    0.8903937418E+00
    0.8913640443E+00
    0.8946495763E+00
    0.8956131408E+00
    0.8988531578E+00
    0.8998165773E+00
    0.9030795235E+00
    0.9040567072E+00
    0.9072967840E+00
    0.9082623851E+00
    0.9114160151E+00
    0.9123748114E+00
    0.9156426119E+00
    0.9165945721E+00
    0.9198167471E+00
    0.9207755563E+00
    0.9239977800E+00
    0.9249566006E+00
    0.9281332152E+00
    0.9290852808E+00
    0.9323304892E+00
    0.9332757220E+00
    0.9364066832E+00
    0.9373362293E+00
    0.9405286043E+00
    0.9414648650E+00
    0.9446802839E+00
    0.9455898639E+00
    0.9486906891E+00
    0.9496269242E+00
    0.9528423213E+00
    0.9537451995E+00
    0.9569149144E+00
    0.9578289076E+00
    0.9609616062E+00
    0.9618754837E+00
    0.9650313572E+00
    0.9659188743E+00
    0.9690516439E+00
    0.9699523624E+00
    0.9731083180E+00
    0.9740024730E+00
    0.9770891900E+00
    0.9779766819E+00
    0.9811326211E+00
    0.9841967228E+00
    0.9851041029E+00
    0.9855478370E+00
    0.9870564082E+00
    0.9874828213E+00
    0.9876020702E+00
    0.9879937043E+00
    0.9880931234E+00
    0.9884615880E+00
    0.9885741881E+00
    0.9887927436E+00
    0.9890391211E+00
    0.9892854480E+00
    0.9894578265E+00
    0.9897041495E+00
    0.9899293413E+00
    0.9901264482E+00
    0.9902855639E+00
    0.9905646530E+00
    0.9907370410E+00
    0.9909506524E+00
    0.9911494296E+00
    0.9913630293E+00
    0.9915354172E+00
    0.9917325359E+00
    0.9918916045E+00
    0.9921052002E+00
    0.9922906896E+00
    0.9925043166E+00
    0.9926502932E+00
    0.9927981879E+00
    0.9929441612E+00
    0.9931266949E+00
    0.9932838224E+00
    0.9934664965E+00
    0.9936106831E+00
    0.9938263924E+00
    0.9939574386E+00
    0.9941068127E+00
    0.9942378526E+00
    0.9943874835E+00
    0.9945056013E+00
    0.9946882873E+00
    0.9948454023E+00
    0.9949617213E+00
    0.9950666924E+00
    0.9952163392E+00
    0.9953344445E+00
    0.9955004626E+00
    0.9956054337E+00
    0.9957384246E+00
    0.9958565330E+00
    0.9959895079E+00
    0.9960813695E+00
    0.9962310004E+00
    0.9963491182E+00
    0.9964324139E+00
    0.9965112943E+00
    0.9966609292E+00
    0.9967919785E+00
    0.9968919262E+00
    0.9969708065E+00
    0.9971204414E+00
    0.9972385498E+00
    0.9973218296E+00
    0.9973875758E+00
    0.9974875275E+00
    0.9975664078E+00
    0.9976830035E+00
    0.9977750431E+00
    0.9978583349E+00
    0.9979240685E+00
    0.9980240082E+00
    0.9981029011E+00
    0.9981861928E+00
    0.9982650763E+00
    0.9983816720E+00
    0.9984474057E+00
    0.9985143181E+00
    0.9986063577E+00
    0.9986896375E+00
    0.9987292930E+00
    0.9987961895E+00
    0.9988750824E+00
    0.9989750341E+00
    0.9990017581E+00
    0.9990520026E+00
    0.9990916612E+00
    0.9991419018E+00
    0.9991815169E+00
    0.9992317734E+00
    0.9992975102E+00
    0.9993313675E+00
    0.9993841697E+00
    0.9994510662E+00
    0.9995038809E+00
    0.9995374815E+00
    0.9995379120E+00
    0.9996048125E+00
    0.9996576272E+00
    0.9996912119E+00
    0.9997047891E+00
    0.9997386624E+00
    0.9997783209E+00
    0.9998119056E+00
    0.9998123361E+00
    0.9998131701E+00
    0.9998659848E+00
    0.9998995695E+00
    0.9999131467E+00
    0.9999303481E+00
    0.9999047130E+00
    0.9999052624E+00
    0.9999188396E+00
    0.9999029980E+00
    0.9999295067E+00
    0.9999630953E+00
    0.9999766851E+00
    0.9999938865E+00
    0.9999943170E+00
    0.9999948783E+00
    0.9999823681E+00
    0.9999995695E+00
    0.1000000000E+01
    0.0000000000E+00
    0.1897365685E-03
    0.6384625085E-03
    0.8034429504E-03
    0.1273337603E-02
    0.1446620659E-02
    0.1895326094E-02
    0.2068461426E-02
    0.2453039348E-02
    0.2626310656E-02
    0.3117705382E-02
    0.3282697702E-02
    0.3709882558E-02
    0.3899627045E-02
    0.4348342983E-02
    0.4505148868E-02
    0.4975002510E-02
    0.5148293485E-02
    0.5618540004E-02
    0.5783516616E-02
    0.6210742482E-02
    0.6408801331E-02
    0.6878986754E-02
    0.7043947561E-02
    0.7257580833E-02
    0.7439174422E-02
    0.7652797776E-02
    0.7718818712E-02
    0.7964738445E-02
    0.8210505017E-02
    0.8296171243E-02
    0.8504232543E-02
    0.8643468589E-02
    0.8832531080E-02
    0.8928994099E-02
    0.9118002152E-02
    0.9246451557E-02
    0.9435780065E-02
    0.9521466721E-02
    0.9748279256E-02
    0.9898276290E-02
    0.1004953400E-01
    0.1015661235E-01
    0.1042145939E-01
    0.1051792237E-01
    0.1066918938E-01
    0.1080837947E-01
    0.1105421833E-01
    0.1115070691E-01
    0.1130198277E-01
    0.1143042708E-01
    0.1169525597E-01
    0.1180249017E-01
    0.1195373018E-01
    0.1208217449E-01
    0.1229029008E-01
    0.1238674299E-01
    0.1261381277E-01
    0.1274244372E-01
    0.1293144277E-01
    0.1303852116E-01
    0.1324661868E-01
    0.1336443233E-01
    0.1357247585E-01
    0.1370111708E-01
    0.1387144648E-01
    0.1397850432E-01
    0.1422429781E-01
    0.1434215257E-01
    0.1451245505E-01
    0.1464108600E-01
    0.1488688856E-01
    0.1497255475E-01
    0.1514287508E-01
    0.1528209575E-01
    0.1554694279E-01
    0.1565418727E-01
    0.1580549034E-01
    0.1594472129E-01
    0.1611500555E-01
    0.1620068719E-01
    0.1646551609E-01
    0.1659414704E-01
    0.1676448551E-01
    0.1688231457E-01
    0.1714712532E-01
    0.1724359857E-01
    0.1741390105E-01
    0.1756390323E-01
    0.1777196453E-01
    0.1786840716E-01
    0.1807648690E-01
    0.1819434658E-01
    0.1836468506E-01
    0.1849330080E-01
    0.1870132611E-01
    0.1881916031E-01
    0.1904622108E-01
    0.1915346556E-01
    0.1936155401E-01
    0.1947939848E-01
    0.1964967382E-01
    0.1976751813E-01
    0.2003236517E-01
    0.2016099629E-01
    0.2033131661E-01
    0.2044913026E-01
    0.2063847691E-01
    0.2073495531E-01
    0.2099979327E-01
    0.2110703775E-01
    0.2127733116E-01
    0.2141655183E-01
    0.2164366667E-01
    0.2175089586E-01
    0.2192118926E-01
    0.2204982539E-01
    0.2225789577E-01
    0.2237573507E-01
    0.2260283206E-01
    0.2271008682E-01
    0.2289943347E-01
    0.2301726767E-01
    0.2320659640E-01
    0.2331384088E-01
    0.2355964345E-01
    0.2370964562E-01
    0.2387996595E-01
    0.2397641372E-01
    0.2422252796E-01
    0.2432978268E-01
    0.2450006671E-01
    0.2462867218E-01
    0.2481807327E-01
    0.2492532803E-01
    0.2519015692E-01
    0.2532937759E-01
    0.2551866110E-01
    0.2562590558E-01
    0.2583401217E-01
    0.2594123627E-01
    0.2613058292E-01
    0.2625921387E-01
    0.2644853367E-01
    0.2655576804E-01
    0.2678288281E-01
    0.2691151376E-01
    0.2710081542E-01
    0.2720803951E-01
    0.2743514528E-01
    0.2756377623E-01
    0.2775308689E-01
    0.2787092109E-01
    0.2809803593E-01
    0.2821607733E-01
    0.2842412078E-01
    0.2854194980E-01
    0.2875034093E-01
    0.2886837723E-01
    0.2907642068E-01
    0.2918366515E-01
    0.2939201999E-01
    0.2952063565E-01
    0.2971000067E-01
    0.2981724515E-01
    0.3004435099E-01
    0.3016234631E-01
    0.3035166596E-01
    0.3046953083E-01
    0.3067788566E-01
    0.3079588611E-01
    0.3102297404E-01
    0.3115160499E-01
    0.3128422034E-01
    0.3140223621E-01
    0.3161055505E-01
    0.3170702830E-01
    0.3193413407E-01
    0.3201999208E-01
    0.3222834721E-01
    0.3236774424E-01
    0.3257582369E-01
    0.3268305288E-01
    0.3289140800E-01
    0.3303082050E-01
    0.3322016715E-01
    0.3332740670E-01
    0.3357351180E-01
    0.3369152236E-01
    0.3384314597E-01
    0.3396099045E-01
    0.3416935458E-01
    0.3426600925E-01
    0.3449311509E-01
    0.3460033413E-01
    0.3480865304E-01
    0.3494806549E-01
    0.3509971617E-01
    0.3520696081E-01
    0.3545308406E-01
    0.3558187099E-01
    0.3577121764E-01
    0.3587846726E-01
    0.3608647493E-01
    0.3620500760E-01
    0.3639388458E-01
    0.3650160389E-01
    0.3670947811E-01
    0.3682801065E-01
    0.3701686071E-01
    0.3712458517E-01
    0.3724311272E-01
    0.3746996607E-01
    0.3757768022E-01
    0.3776654823E-01
    0.3789589916E-01
    0.3806609880E-01
    0.3815234314E-01
    0.3837885873E-01
    0.3851887673E-01
    0.3872676000E-01
    0.3885610061E-01
    0.3904527040E-01
    0.3913150441E-01
    0.3935806496E-01
    0.3949808808E-01
    0.3964929961E-01
    0.3974636738E-01
    0.3997317577E-01
    0.4009170328E-01
    0.4026193889E-01
    0.4036965308E-01
    0.4059616867E-01
    0.4072598086E-01
    0.4091486635E-01
    0.4100132347E-01
    0.4115234027E-01
    0.4126049288E-01
    0.4152459446E-01
    0.4165408703E-01
    0.4180511265E-01
    0.4191327526E-01
    0.4213980054E-01
    0.4222626805E-01
    0.4241487027E-01
    0.4256604276E-01
    0.4275495529E-01
    0.4285226272E-01
    0.4305982632E-01
    0.4315714410E-01
    0.4332708635E-01
    0.4347827928E-01
    0.4368586081E-01
    0.4377231797E-01
    0.4394227831E-01
    0.4405042566E-01
    0.4427695960E-01
    0.4438512243E-01
    0.4457368886E-01
    0.4466014603E-01
    0.4484908545E-01
    0.4500028878E-01
    0.4518921946E-01
    0.4528653206E-01
    0.4543753983E-01
    0.4554569231E-01
    0.4577220833E-01
    0.4588019346E-01
    0.4605014460E-01
    0.4615829195E-01
    0.4638480797E-01
    0.4649297084E-01
    0.4668189249E-01
    0.4677918440E-01
    0.4696776868E-01
    0.4709744917E-01
    0.4728637963E-01
    0.4738367671E-01
    0.4755363690E-01
    0.4766178425E-01
    0.4785069678E-01
    0.4795885448E-01
    0.4811016368E-01
    0.4822900425E-01
    0.4843658592E-01
    0.4854473327E-01
    0.4873363684E-01
    0.4884180488E-01
    0.4901175603E-01
    0.4910905307E-01
    0.4929801057E-01
    0.4938464535E-01
    0.4961114359E-01
    0.4972997899E-01
    0.4989994791E-01
    0.5000809526E-01
    0.5015938638E-01
    0.5026754408E-01
    0.5045646572E-01
    0.5054311081E-01
    0.5076964491E-01
    0.5089928939E-01
    0.5108819295E-01
    0.5119634030E-01
    0.5134767632E-01
    0.5142347114E-01
    0.5159343132E-01
    0.5171242894E-01
    0.5186374710E-01
    0.5197190479E-01
    0.5219842992E-01
    0.5229575780E-01
    0.5248466129E-01
    0.5259281899E-01
    0.5274415508E-01
    0.5284161964E-01
    0.5303050513E-01
    0.5312780739E-01
    0.5327917052E-01
    0.5337665552E-01
    0.5360314479E-01
    0.5373282528E-01
    0.5388415211E-01
    0.5395992640E-01
    0.5411119959E-01
    0.5420869495E-01
    0.5441663191E-01
    0.5452477926E-01
    0.5465709091E-01
    0.5474372565E-01
    0.5495159972E-01
    0.5503823463E-01
    0.5522722813E-01
    0.5536776923E-01
    0.5553799484E-01
    0.5562459349E-01
    0.5575698597E-01
    0.5584364141E-01
    0.5605149754E-01
    0.5614898776E-01
    0.5630026985E-01
    0.5641926746E-01
    0.5657059444E-01
    0.5664636351E-01
    0.5681667906E-01
    0.5691417441E-01
    0.5710305991E-01
    0.5722206787E-01
    0.5737335899E-01
    0.5744912281E-01
    0.5761942028E-01
    0.5771691058E-01
    0.5786824682E-01
    0.5796574217E-01
    0.5811704211E-01
    0.5820364597E-01
    0.5837393440E-01
    0.5846056914E-01
    0.5863083075E-01
    0.5872832611E-01
    0.5889862358E-01
    0.5899609840E-01
    0.5916604955E-01
    0.5923115115E-01
    0.5940140365E-01
    0.5952040644E-01
    0.5969072199E-01
    0.5978821734E-01
    0.5992088429E-01
    0.6001834877E-01
    0.6016966678E-01
    0.6023476838E-01
    0.6040502088E-01
    0.6050253176E-01
    0.6067282026E-01
    0.6077030009E-01
    0.6090296704E-01
    0.6097891891E-01
    0.6113023706E-01
    0.6121686162E-01
    0.6134953761E-01
    0.6142549982E-01
    0.6159577922E-01
    0.6169326422E-01
    0.6180699682E-01
    0.6188294869E-01
    0.6209082275E-01
    0.6217744731E-01
    0.6231013233E-01
    0.6239693964E-01
    0.6256722815E-01
    0.6268622576E-01
    0.6283782705E-01
    0.6291377892E-01
    0.6306507900E-01
    0.6313021165E-01
    0.6326289667E-01
    0.6336038167E-01
    0.6349305766E-01
    0.6357985979E-01
    0.6371253577E-01
    0.6378847729E-01
    0.6395876572E-01
    0.6402387767E-01
    0.6415657173E-01
    0.6424337904E-01
    0.6437605502E-01
    0.6445202241E-01
    0.6460364177E-01
    0.6467959881E-01
    0.6481230191E-01
    0.6489910404E-01
    0.6501278242E-01
    0.6507789436E-01
    0.6522956796E-01
    0.6531637009E-01
    0.6544901896E-01
    0.6552499152E-01
    0.6567664704E-01
    0.6576343882E-01
    0.6587713527E-01
    0.6595309749E-01
    0.6610473493E-01
    0.6618069714E-01
    0.6631337313E-01
    0.6638933534E-01
    0.6650334226E-01
    0.6656861125E-01
    0.6670127820E-01
    0.6677724041E-01
    0.6692889593E-01
    0.6701570324E-01
    0.6711078462E-01
    0.6715454101E-01
    0.6728720795E-01
    0.6735231990E-01
    0.6750395734E-01
    0.6756925721E-01
    0.6766433875E-01
    0.6781640987E-01
    0.6804447764E-01
    0.6831611549E-01
    0.6880955337E-01
    0.6934232377E-01
    0.7031017488E-01
    0.7087512542E-01
    0.7180573737E-01
    0.7234935808E-01
    0.7327995188E-01
    0.7379120467E-01
    0.7477836349E-01
    0.7532196880E-01
    0.7619602492E-01
    0.7671795541E-01
    0.7762991629E-01
    0.7813047586E-01
    0.7903320568E-01
    0.7948807457E-01
    0.8046729791E-01
    0.8092216229E-01
    0.8190133734E-01
    0.8190133734E-01
    0.8284017513E-01
    0.8327629284E-01
    0.8423543209E-01
    0.8469026946E-01
    0.8510763584E-01
    0.8598573856E-01
    0.8641238523E-01
    0.8733117766E-01
    0.8775799699E-01
    0.8867677018E-01
    0.8909411857E-01
    0.8999260015E-01
    0.9041941955E-01
    0.9129784592E-01
    0.9170591189E-01
    0.9262473320E-01
    0.9303278339E-01
    0.9391120006E-01
    0.9429104143E-01
    0.9510912376E-01
    0.9552664275E-01
    0.9640505456E-01
    0.9679436237E-01
    0.9763241305E-01
    0.9804045877E-01
    0.9889886859E-01
    0.9928817647E-01
    0.1001262655E+00
    0.1005061092E+00
    0.1012837530E+00
    0.1020546385E+00
    0.1025014848E+00
    0.1032257790E+00
    0.1036619579E+00
    0.1044238601E+00
    0.1048385187E+00
    0.1055814460E+00
    0.1060176145E+00
    0.1067418682E+00
    0.1071241511E+00
    0.1078484317E+00
    0.1082630853E+00
    0.1089308100E+00
    0.1093239173E+00
    0.1100481710E+00
    0.1104628270E+00
    0.1111495087E+00
    0.1115426110E+00
    0.1122293377E+00
    0.1126224632E+00
    0.1133091133E+00
    0.1136807467E+00
    0.1143674419E+00
    0.1147605570E+00
    0.1154096217E+00
    0.1157920616E+00
    0.1164035407E+00
    0.1167644759E+00
    0.1174701369E+00
    0.1178417292E+00
    0.1184532083E+00
    0.1188032879E+00
    0.1194337284E+00
    0.1197946765E+00
    0.1203685838E+00
    0.1207186531E+00
    0.1213677088E+00
    0.1217177731E+00
    0.1222916667E+00
    0.1226310969E+00
    0.1232239654E+00
    0.1235309659E+00
    0.1240672290E+00
    0.1244066181E+00
    0.1249994597E+00
    0.1253064988E+00
    0.1258427932E+00
    0.1261715406E+00
    0.1267078623E+00
    0.1270148731E+00
    0.1275514645E+00
    0.1278478169E+00
    0.1283841027E+00
    0.1286804550E+00
    0.1291981030E+00
    0.1294836193E+00
    0.1299636953E+00
    0.1302385273E+00
    0.1307372071E+00
    0.1310120354E+00
    0.1314544764E+00
    0.1317184568E+00
    0.1321795556E+00
    0.1324652290E+00
    0.1329642417E+00
    0.1332390749E+00
    0.1337191421E+00
    0.1339509195E+00
    0.1343368403E+00
    0.1345792928E+00
    0.1350217338E+00
    0.1352750507E+00
    0.1357174716E+00
    0.1359492361E+00
    0.1363165059E+00
    0.1365591515E+00
    0.1369450882E+00
    0.1371553285E+00
    0.1375415061E+00
    0.1377624498E+00
    0.1381673052E+00
    0.1383560239E+00
    0.1386667178E+00
    0.1388770031E+00
    0.1392066932E+00
    0.1393954068E+00
    0.1397626587E+00
    0.1399405317E+00
    0.1402512345E+00
    0.1404508131E+00
    0.1407804785E+00
    0.1409692017E+00
    0.1412802434E+00
    0.1414259318E+00
    0.1416989889E+00
    0.1418553586E+00
    0.1421474732E+00
    0.1423146896E+00
    0.1425877705E+00
    0.1427549699E+00
    0.1430094203E+00
    0.1431442570E+00
    0.1433797548E+00
    0.1435147705E+00
    0.1437693239E+00
    0.1438826184E+00
    0.1440805058E+00
    0.1442261877E+00
    0.1444430323E+00
    0.1445348193E+00
    0.1447517290E+00
    0.1448758636E+00
    0.1450361880E+00
    0.1451279840E+00
    0.1453448285E+00
    0.1454581487E+00
    0.1456184595E+00
    0.1456995676E+00
    0.1458598918E+00
    0.1459516685E+00
    0.1460724922E+00
    0.1461433578E+00
    0.1462280775E+00
    0.1462772371E+00
    0.1464367739E+00
    0.1465181636E+00
    0.1466027607E+00
    0.1466738166E+00
    0.1467957601E+00
    0.1468450048E+00
    0.1468922091E+00
    0.1469197226E+00
    0.1469855053E+00
    0.1470347948E+00
    0.1471193486E+00
    0.1471250969E+00
    0.1471349973E+00
    0.1471732969E+00
    0.1472390451E+00
    0.1472665807E+00
    0.1472764143E+00
    0.1472711572E+00
    0.1472621949E+00
    0.1472679589E+00
    0.1472589925E+00
    0.1472320015E+00
    0.1472419008E+00
    0.1472149345E+00
    0.1471685804E+00
    0.1471633403E+00
    0.1471543650E+00
    0.1471273830E+00
    0.1470437173E+00
    0.1470057625E+00
    0.1469594241E+00
    0.1469106863E+00
    0.1468455491E+00
    0.1467967880E+00
    0.1466757215E+00
    0.1466052134E+00
    0.1464838720E+00
    0.1464459263E+00
    0.1463248889E+00
    0.1462543756E+00
    0.1461144924E+00
    0.1460112451E+00
    0.1459275706E+00
    0.1458570626E+00
    0.1456797740E+00
    0.1455765085E+00
    0.1454366879E+00
    0.1453224792E+00
    0.1451264229E+00
    0.1450231728E+00
    0.1447897271E+00
    0.1446864824E+00
    0.1445086238E+00
    0.1443720812E+00
    0.1441580086E+00
    0.1440207238E+00
    0.1437694370E+00
    0.1436325688E+00
    0.1433816250E+00
    0.1432338602E+00
    0.1430013060E+00
    0.1428644404E+00
    0.1425947193E+00
    0.1424029592E+00
    0.1421144478E+00
    0.1419556579E+00
    0.1416859368E+00
    0.1415052488E+00
    0.1412167374E+00
    0.1410469121E+00
    0.1406839910E+00
    0.1404703260E+00
    0.1401446209E+00
    0.1399639147E+00
    0.1396569645E+00
    0.1394103764E+00
    0.1390286651E+00
    0.1388369049E+00
    0.1384740195E+00
    0.1382493204E+00
    0.1378676069E+00
    0.1376320805E+00
    0.1372504180E+00
    0.1370257189E+00
    0.1366440053E+00
    0.1363974081E+00
    0.1359413228E+00
    0.1356946994E+00
    0.1352757610E+00
    0.1350072460E+00
    0.1345883720E+00
    0.1343307418E+00
    0.1338553151E+00
    0.1335846888E+00
    0.1331116769E+00
    0.1328082093E+00
    0.1323352275E+00
    0.1320869861E+00
    0.1315768903E+00
    0.1312622707E+00
    0.1307892601E+00
    0.1304746669E+00
    0.1299459010E+00
    0.1296092839E+00
    0.1290805225E+00
    0.1287990913E+00
    0.1283073917E+00
    0.1279707486E+00
    0.1273031874E+00
    0.1270783885E+00
    0.1268382202E+00
    0.1261413473E+00
    0.1259154888E+00
    0.1252612254E+00
    0.1250279312E+00
    0.1243289416E+00
    0.1240882883E+00
    0.1233449384E+00
    0.1231116337E+00
    0.1224347026E+00
    0.1221791467E+00
    0.1214358334E+00
    0.1212025165E+00
    0.1203925090E+00
    0.1201372887E+00
    0.1194151819E+00
    0.1191461558E+00
    0.1183792446E+00
    0.1181249370E+00
    0.1172912592E+00
    0.1170000897E+00
    0.1161444073E+00
    0.1158753687E+00
    0.1150416651E+00
    0.1147652141E+00
    0.1139539537E+00
    0.1136775057E+00
    0.1128437808E+00
    0.1125525922E+00
    0.1116719766E+00
    0.1113996656E+00
    0.1105168907E+00
    0.1102227395E+00
    0.1093402822E+00
    0.1090461387E+00
    0.1081412402E+00
    0.1078326016E+00
    0.1068830852E+00
    0.1065816231E+00
    0.1056095670E+00
    0.1053086688E+00
    0.1043797673E+00
    0.1040726498E+00
    0.1030990586E+00
    0.1027846567E+00
    0.1018110763E+00
    0.1014894100E+00
    0.1004932778E+00
    0.1001788786E+00
    0.9920530895E-01
    0.9888365472E-01
    0.9779815100E-01
    0.9745476399E-01
    0.9645550908E-01
    0.9612455355E-01
    0.9512352750E-01
    0.9478541367E-01
    0.9364928197E-01
    0.9331832805E-01
    0.9227233487E-01
    0.9192705270E-01
    0.9079087273E-01
    0.9043919526E-01
    0.8939162714E-01
    0.8904804689E-01
    0.8788748297E-01
    0.8753687605E-01
    0.8646656346E-01
    0.8612296801E-01
    0.8494005786E-01
    0.8456107013E-01
    0.8346816382E-01
    0.8312458697E-01
    0.8191902904E-01
    0.8154002102E-01
    0.8037593630E-01
    0.8001681561E-01
    0.7878252776E-01
    0.7840248894E-01
    0.7725891532E-01
    0.7688588914E-01
    0.7560636301E-01
    0.7522705335E-01
    0.7399084240E-01
    0.7361268726E-01
    0.7237647056E-01
    0.7198444747E-01
    0.7072540413E-01
    0.7035410930E-01
    0.6909546113E-01
    0.6869646841E-01
    0.6743740330E-01
    0.6705923661E-01
    0.6575493482E-01
    0.6535595041E-01
    0.6402474404E-01
    0.6362532502E-01
    0.6231459156E-01
    0.6189469325E-01
    0.6056101443E-01
    0.6017523246E-01
    0.5879601685E-01
    0.5838298029E-01
    0.5704929081E-01
    0.5665071892E-01
    0.5526911534E-01
    0.5485126807E-01
    0.5347004083E-01
    0.5306575380E-01
    0.5166152547E-01
    0.5124370090E-01
    0.4983953803E-01
    0.4942170702E-01
    0.4799451047E-01
    0.4755627170E-01
    0.4610651584E-01
    0.4568184704E-01
    0.4422738056E-01
    0.4380977621E-01
    0.4237559502E-01
    0.4194465587E-01
    0.4046460126E-01
    0.4002020768E-01
    0.3853987376E-01
    0.3810893771E-01
    0.3662887210E-01
    0.3619781972E-01
    0.3469473820E-01
    0.3425893902E-01
    0.3272838269E-01
    0.3229498529E-01
    0.3071851310E-01
    0.3027181488E-01
    0.2874133554E-01
    0.2830129253E-01
    0.2672487545E-01
    0.2626496310E-01
    0.2471122618E-01
    0.2426451526E-01
    0.2268807619E-01
    0.2106535312E-01
    0.2061211183E-01
    0.2038874845E-01
    0.1961846592E-01
    0.1940620581E-01
    0.1933387023E-01
    0.1912815222E-01
    0.1906237243E-01
    0.1890261416E-01
    0.1884346744E-01
    0.1873839528E-01
    0.1857538166E-01
    0.1841231319E-01
    0.1826742321E-01
    0.1810436254E-01
    0.1798607352E-01
    0.1783925117E-01
    0.1772079479E-01
    0.1757428174E-01
    0.1742937287E-01
    0.1724981164E-01
    0.1711823788E-01
    0.1693870005E-01
    0.1679379118E-01
    0.1664694542E-01
    0.1652845736E-01
    0.1634892733E-01
    0.1624374296E-01
    0.1606418959E-01
    0.1590598968E-01
    0.1577539784E-01
    0.1561720422E-01
    0.1541629096E-01
    0.1529923711E-01
    0.1510126672E-01
    0.1494500661E-01
    0.1476370006E-01
    0.1463350571E-01
    0.1450159010E-01
    0.1437140817E-01
    0.1415678970E-01
    0.1398736421E-01
    0.1378937019E-01
    0.1367234121E-01
    0.1352380115E-01
    0.1338045385E-01
    0.1316580387E-01
    0.1299640325E-01
    0.1283147207E-01
    0.1268812477E-01
    0.1250651399E-01
    0.1233710715E-01
    0.1215552788E-01
    0.1203830872E-01
    0.1182369025E-01
    0.1165426476E-01
    0.1148903722E-01
    0.1133256807E-01
    0.1111794172E-01
    0.1098774115E-01
    0.1078948229E-01
    0.1063301313E-01
    0.1041838678E-01
    0.1024897994E-01
    0.1008378392E-01
    0.9953368086E-02
    0.9755101347E-02
    0.9598632193E-02
    0.9367349882E-02
    0.9184777664E-02
    0.9019558007E-02
    0.8889167045E-02
    0.8690923939E-02
    0.8534429913E-02
    0.8369210257E-02
    0.8212734884E-02
    0.7981452574E-02
    0.7851061612E-02
    0.7636138912E-02
    0.7453566693E-02
    0.7288370670E-02
    0.7144832982E-02
    0.6929941792E-02
    0.6773447766E-02
    0.6575181027E-02
    0.6392418420E-02
    0.6210558558E-02
    0.6067014652E-02
    0.5885162667E-02
    0.5741581248E-02
    0.5559697753E-02
    0.5429300573E-02
    0.5197753422E-02
    0.5028137542E-02
    0.4813246353E-02
    0.4643605600E-02
    0.4494761309E-02
    0.4364155087E-02
    0.4149256020E-02
    0.3979615268E-02
    0.3830802488E-02
    0.3674118074E-02
    0.3442539413E-02
    0.3298995507E-02
    0.3150182726E-02
    0.3019576505E-02
    0.2771341882E-02
    0.2601701129E-02
    0.2452888349E-02
    0.2296203935E-02
    0.2097695990E-02
    0.1953918170E-02
    0.1788441551E-02
    0.1631757137E-02
    0.1416561653E-02
    0.1299102158E-02
    0.1150281500E-02
    0.9935722139E-03
    0.7950642684E-03
    0.6644580468E-03
    0.4989577943E-03
    0.3291141673E-03
    0.1306062210E-03
    0.1176117565E-15
        1182
    0.0000000000E+00
    0.4409179839E-04
    0.6109113095E-04
    0.4132080353E-04
    0.3367639149E-04
    0.7777348354E-04
    0.9633622630E-04
    0.7658834631E-04
    0.7714275977E-04
    0.1211356189E-03
    0.1300295897E-03
    0.1954916655E-03
    0.2042569156E-03
    0.1630753014E-03
    0.1719672828E-03
    0.2373887596E-03
    0.2544778475E-03
    0.2344140874E-03
    0.2598506261E-03
    0.3253278828E-03
    0.3258744036E-03
    0.3698266637E-03
    0.3952651918E-03
    0.4181400298E-03
    0.4352369454E-03
    0.4791738578E-03
    0.4880678935E-03
    0.5960970724E-03
    0.6297602331E-03
    0.6311656875E-03
    0.6565923442E-03
    0.7219935215E-03
    0.7225479341E-03
    0.8091077314E-03
    0.8510868381E-03
    0.8739565595E-03
    0.8910614327E-03
    0.9775806311E-03
    0.1003025062E-02
    0.1068548032E-02
    0.1093842054E-02
    0.1141821854E-02
    0.1184348518E-02
    0.1291790152E-02
    0.1317572767E-02
    0.1425069906E-02
    0.1442375389E-02
    0.1507125134E-02
    0.1549635813E-02
    0.1614714993E-02
    0.1648828466E-02
    0.1734962093E-02
    0.1777460816E-02
    0.1884932664E-02
    0.1919040094E-02
    0.2026527216E-02
    0.2069037896E-02
    0.2112803976E-02
    0.2146887429E-02
    0.2254323969E-02
    0.2296850699E-02
    0.2425341687E-02
    0.2484616430E-02
    0.2592118661E-02
    0.2609412058E-02
    0.2716868798E-02
    0.2776179540E-02
    0.2862272768E-02
    0.2887905082E-02
    0.3037779781E-02
    0.3097066480E-02
    0.3183194847E-02
    0.3242475503E-02
    0.3392269573E-02
    0.3443115141E-02
    0.3592969643E-02
    0.3618736272E-02
    0.3704854622E-02
    0.3755674132E-02
    0.3863146147E-02
    0.3922438890E-02
    0.4029551089E-02
    0.4088847795E-02
    0.4238732677E-02
    0.4289566158E-02
    0.4439360062E-02
    0.4498646827E-02
    0.4627127632E-02
    0.4677959097E-02
    0.4870160944E-02
    0.4946207678E-02
    0.5096047071E-02
    0.5138565808E-02
    0.5267026248E-02
    0.5317875713E-02
    0.5467710182E-02
    0.5543758931E-02
    0.5714592005E-02
    0.5765413530E-02
    0.5872910669E-02
    0.5948961433E-02
    0.6141173462E-02
    0.6200484139E-02
    0.6328954759E-02
    0.6390023976E-02
    0.6581836490E-02
    0.6641402779E-02
    0.6790921500E-02
    0.6867347383E-02
    0.7037833281E-02
    0.7105765825E-02
    0.7297578340E-02
    0.7374004224E-02
    0.7565837063E-02
    0.7616944167E-02
    0.7787440228E-02
    0.7863862062E-02
    0.8013441096E-02
    0.8089866980E-02
    0.8239046587E-02
    0.8306989254E-02
    0.8498822094E-02
    0.8575241904E-02
    0.8767054418E-02
    0.8834999110E-02
    0.9047718489E-02
    0.9140977911E-02
    0.9332810751E-02
    0.9409234610E-02
    0.9579735752E-02
    0.9647676395E-02
    0.9839483828E-02
    0.9915907687E-02
    0.1015005465E-01
    0.1023486096E-01
    0.1040536210E-01
    0.1048179203E-01
    0.1067359438E-01
    0.1076683572E-01
    0.1100094236E-01
    0.1106038359E-01
    0.1123086949E-01
    0.1132415503E-01
    0.1160049499E-01
    0.1168526114E-01
    0.1189807657E-01
    0.1197450245E-01
    0.1216630480E-01
    0.1227643597E-01
    0.1251438259E-01
    0.1260021247E-01
    0.1279073335E-01
    0.1288516351E-01
    0.1311811750E-01
    0.1320395149E-01
    0.1341570882E-01
    0.1351011862E-01
    0.1374301226E-01
    0.1382883190E-01
    0.1406180595E-01
    0.1415625859E-01
    0.1441005647E-01
    0.1450447235E-01
    0.1473738605E-01
    0.1484026153E-01
    0.1505201902E-01
    0.1514645130E-01
    0.1537937006E-01
    0.1548224553E-01
    0.1575724496E-01
    0.1585166289E-01
    0.1606344044E-01
    0.1614066998E-01
    0.1645773507E-01
    0.1656921704E-01
    0.1678096458E-01
    0.1690950430E-01
    0.1718451367E-01
    0.1727031910E-01
    0.1750322775E-01
    0.1761470971E-01
    0.1786856809E-01
    0.1797144357E-01
    0.1828849349E-01
    0.1838294804E-01
    0.1861553458E-01
    0.1873547204E-01
    0.1896841086E-01
    0.1907986426E-01
    0.1933366736E-01
    0.1944515739E-01
    0.1972015681E-01
    0.1982302627E-01
    0.2014013148E-01
    0.2026865083E-01
    0.2052247399E-01
    0.2062535561E-01
    0.2094235546E-01
    0.2107090132E-01
    0.2136674985E-01
    0.2148667911E-01
    0.2176177900E-01
    0.2186468700E-01
    0.2216054059E-01
    0.2228044347E-01
    0.2255540278E-01
    0.2266689076E-01
    0.2298397607E-01
    0.2312955331E-01
    0.2342544196E-01
    0.2352834394E-01
    0.2384540397E-01
    0.2397390706E-01
    0.2426979099E-01
    0.2440677602E-01
    0.2472382593E-01
    0.2485237186E-01
    0.2512706419E-01
    0.2522993761E-01
    0.2558907341E-01
    0.2573465673E-01
    0.2603052549E-01
    0.2615046698E-01
    0.2650961779E-01
    0.2663816365E-01
    0.2695524880E-01
    0.2710927340E-01
    0.2740512209E-01
    0.2753366796E-01
    0.2789285889E-01
    0.2802124364E-01
    0.2831710245E-01
    0.2844560554E-01
    0.2880478129E-01
    0.2895882222E-01
    0.2929677181E-01
    0.2942532984E-01
    0.2972115325E-01
    0.2985813630E-01
    0.3025937788E-01
    0.3039635478E-01
    0.3073427908E-01
    0.3087985632E-01
    0.3123895706E-01
    0.3139299389E-01
    0.3170979199E-01
    0.3183831544E-01
    0.3223945657E-01
    0.3239350768E-01
    0.3273149738E-01
    0.3286849662E-01
    0.3324856683E-01
    0.3341120400E-01
    0.3377024945E-01
    0.3390722635E-01
    0.3428725138E-01
    0.3443269702E-01
    0.3479184294E-01
    0.3495667446E-01
    0.3533594311E-01
    0.3549071587E-01
    0.3582798526E-01
    0.3596565518E-01
    0.3640805755E-01
    0.3658863787E-01
    0.3692588960E-01
    0.3706355231E-01
    0.3746361376E-01
    0.3763553015E-01
    0.3797281435E-01
    0.3812763607E-01
    0.3857004837E-01
    0.3873346363E-01
    0.3915468176E-01
    0.3932662362E-01
    0.3966388544E-01
    0.3981001968E-01
    0.4023123528E-01
    0.4040320571E-01
    0.4078244190E-01
    0.4095433783E-01
    0.4139676779E-01
    0.4155158951E-01
    0.4193086322E-01
    0.4210278057E-01
    0.4252398103E-01
    0.4267877418E-01
    0.4312084752E-01
    0.4330142372E-01
    0.4368066748E-01
    0.4386974068E-01
    0.4429099632E-01
    0.4443714691E-01
    0.4490038700E-01
    0.4508946742E-01
    0.4546869115E-01
    0.4572131589E-01
    0.4579015799E-01
    0.4600076326E-01
    0.4610386612E-01
    0.4618982734E-01
    0.4642488184E-01
    0.4652967257E-01
    0.4674042685E-01
    0.4684522998E-01
    0.4703704973E-01
    0.4713128067E-01
    0.4732302519E-01
    0.4742782832E-01
    0.4765784847E-01
    0.4778349793E-01
    0.4793705124E-01
    0.4804185814E-01
    0.4823366870E-01
    0.4833849174E-01
    0.4856850271E-01
    0.4876035462E-01
    0.4888602023E-01
    0.4905852846E-01
    0.4916331040E-01
    0.4939331448E-01
    0.4951900268E-01
    0.4971078367E-01
    0.4980505562E-01
    0.4999682068E-01
    0.5010157894E-01
    0.5033164245E-01
    0.5045731183E-01
    0.5068732509E-01
    0.5081299572E-01
    0.5102375000E-01
    0.5114942816E-01
    0.5134124791E-01
    0.5144604107E-01
    0.5163782206E-01
    0.5173209284E-01
    0.5194283334E-01
    0.5206850396E-01
    0.5227960338E-01
    0.5238439529E-01
    0.5263337265E-01
    0.5274851336E-01
    0.5292097593E-01
    0.5305720016E-01
    0.5326833833E-01
    0.5336259538E-01
    0.5357334966E-01
    0.5368850402E-01
    0.5391851498E-01
    0.5405472055E-01
    0.5426546104E-01
    0.5435972186E-01
    0.5455150285E-01
    0.5467717223E-01
    0.5494546801E-01
    0.5506060872E-01
    0.5523308262E-01
    0.5535877192E-01
    0.5558883558E-01
    0.5571451500E-01
    0.5594452596E-01
    0.5605965663E-01
    0.5623220131E-01
    0.5635788952E-01
    0.5662610533E-01
    0.5673088728E-01
    0.5690344115E-01
    0.5703950788E-01
    0.5730775111E-01
    0.5741250937E-01
    0.5760432683E-01
    0.5774039857E-01
    0.5795114595E-01
    0.5805589928E-01
    0.5832417897E-01
    0.5847076565E-01
    0.5864330819E-01
    0.5875845267E-01
    0.5902667767E-01
    0.5915234830E-01
    0.5936308649E-01
    0.5947824470E-01
    0.5968899208E-01
    0.5983555014E-01
    0.6008487952E-01
    0.6017915147E-01
    0.6042809926E-01
    0.6054324374E-01
    0.6073506349E-01
    0.6089217515E-01
    0.6110291335E-01
    0.6121806159E-01
    0.6146706622E-01
    0.6159273684E-01
    0.6182279346E-01
    0.6193793292E-01
    0.6218689419E-01
    0.6232292107E-01
    0.6244859546E-01
    0.6270566022E-01
    0.6296639276E-01
    0.6307164544E-01
    0.6329229265E-01
    0.6342623066E-01
    0.6370702679E-01
    0.6379321284E-01
    0.6401387914E-01
    0.6414779894E-01
    0.6440850790E-01
    0.6451376731E-01
    0.6475465936E-01
    0.6487903544E-01
    0.6513966309E-01
    0.6525452428E-01
    0.6549535907E-01
    0.6561004791E-01
    0.6587073282E-01
    0.6597599460E-01
    0.6617647318E-01
    0.6632954484E-01
    0.6661040545E-01
    0.6671564550E-01
    0.6697633762E-01
    0.6710067385E-01
    0.6736140190E-01
    0.6747627679E-01
    0.6771708527E-01
    0.6783179232E-01
    0.6809241756E-01
    0.6819766221E-01
    0.6843818810E-01
    0.6859125410E-01
    0.6887217197E-01
    0.6897742120E-01
    0.6919806842E-01
    0.6933206105E-01
    0.6963268356E-01
    0.6972829903E-01
    0.7000921690E-01
    0.7015262305E-01
    0.7035312312E-01
    0.7046798776E-01
    0.7076865566E-01
    0.7090246905E-01
    0.7114330384E-01
    0.7126764350E-01
    0.7154817612E-01
    0.7166306012E-01
    0.7188371680E-01
    0.7201752805E-01
    0.7233844543E-01
    0.7244368312E-01
    0.7264417629E-01
    0.7279725943E-01
    0.7309787696E-01
    0.7321257491E-01
    0.7353354506E-01
    0.7365788694E-01
    0.7385830826E-01
    0.7399212402E-01
    0.7429290372E-01
    0.7440776836E-01
    0.7466837227E-01
    0.7480219477E-01
    0.7506286058E-01
    0.7518718770E-01
    0.7542774936E-01
    0.7555210724E-01
    0.7587297457E-01
    0.7599729932E-01
    0.7627784413E-01
    0.7641164276E-01
    0.7667230120E-01
    0.7682537524E-01
    0.7706592021E-01
    0.7718061020E-01
    0.7746145909E-01
    0.7758581353E-01
    0.7786636283E-01
    0.7798107899E-01
    0.7826159012E-01
    0.7840502136E-01
    0.7868582711E-01
    0.7882926164E-01
    0.7910984912E-01
    0.7922457438E-01
    0.7952530179E-01
    0.7966872959E-01
    0.7992936445E-01
    0.8005370412E-01
    0.8033429159E-01
    0.8046810843E-01
    0.8070855797E-01
    0.8084237481E-01
    0.8118313525E-01
    0.8130744982E-01
    0.8160815830E-01
    0.8175158610E-01
    0.8199209050E-01
    0.8212590734E-01
    0.8240641846E-01
    0.8254985644E-01
    0.8283040575E-01
    0.8296421700E-01
    0.8328512491E-01
    0.8341893264E-01
    0.8369945339E-01
    0.8381416955E-01
    0.8409468068E-01
    0.8425720916E-01
    0.8451786536E-01
    0.8463259972E-01
    0.8495320131E-01
    0.8508699083E-01
    0.8536754013E-01
    0.8550135812E-01
    0.8578186925E-01
    0.8592527425E-01
    0.8622601128E-01
    0.8635984632E-01
    0.8668038327E-01
    0.8683327004E-01
    0.8707375534E-01
    0.8718846240E-01
    0.8750903993E-01
    0.8767157751E-01
    0.8793194871E-01
    0.8806576555E-01
    0.8836643569E-01
    0.8851932705E-01
    0.8879987635E-01
    0.8890496685E-01
    0.8922554438E-01
    0.8937844369E-01
    0.8965891664E-01
    0.8980237520E-01
    0.9008296268E-01
    0.9021674876E-01
    0.9053728571E-01
    0.9068056954E-01
    0.9100110889E-01
    0.9113493483E-01
    0.9141544596E-01
    0.9155884301E-01
    0.9181923105E-01
    0.9196251488E-01
    0.9230328494E-01
    0.9245617515E-01
    0.9271648412E-01
    0.9283120938E-01
    0.9315178225E-01
    0.9329505246E-01
    0.9361562759E-01
    0.9377816862E-01
    0.9407852986E-01
    0.9422179771E-01
    0.9452256329E-01
    0.9465638923E-01
    0.9495679587E-01
    0.9510008773E-01
    0.9540043696E-01
    0.9554368544E-01
    0.9586418422E-01
    0.9601710525E-01
    0.9627744790E-01
    0.9641126474E-01
    0.9671165454E-01
    0.9685491213E-01
    0.9719567498E-01
    0.9734858339E-01
    0.9764899725E-01
    0.9779225270E-01
    0.9805256888E-01
    0.9817676228E-01
    0.9847715705E-01
    0.9862042268E-01
    0.9894099780E-01
    0.9909390621E-01
    0.9943433868E-01
    0.9960633415E-01
    0.9988688345E-01
    0.1000110802E+00
    0.1003114222E+00
    0.1004546924E+00
    0.1007950939E+00
    0.1009383606E+00
    0.1012387790E+00
    0.1014011260E+00
    0.1017015017E+00
    0.1018447775E+00
    0.1021451387E+00
    0.1022693390E+00
    0.1025696979E+00
    0.1027224487E+00
    0.1030026485E+00
    0.1031459233E+00
    0.1034863080E+00
    0.1036392164E+00
    0.1038995876E+00
    0.1040619368E+00
    0.1044225473E+00
    0.1045467658E+00
    0.1048269848E+00
    0.1049797174E+00
    0.1053200542E+00
    0.1054633209E+00
    0.1058037534E+00
    0.1059564860E+00
    0.1062367049E+00
    0.1063800150E+00
    0.1066803570E+00
    0.1068139980E+00
    0.1071342237E+00
    0.1072965809E+00
    0.1075970138E+00
    0.1077306913E+00
    0.1080509169E+00
    0.1082132571E+00
    0.1085335209E+00
    0.1086862535E+00
    0.1089865764E+00
    0.1091011441E+00
    0.1093813630E+00
    0.1095437419E+00
    0.1120659068E+00
    0.1132594281E+00
    0.1157616924E+00
    0.1169647184E+00
    0.1195070231E+00
    0.1206909415E+00
    0.1231730469E+00
    0.1243762316E+00
    0.1269787638E+00
    0.1281817727E+00
    0.1307240583E+00
    0.1319366747E+00
    0.1345594161E+00
    0.1358104121E+00
    0.1383927902E+00
    0.1396245482E+00
    0.1422670491E+00
    0.1434987742E+00
    0.1461214800E+00
    0.1473724679E+00
    0.1500150452E+00
    0.1512563959E+00
    0.1539191585E+00
    0.1551892061E+00
    0.1578721277E+00
    0.1591327573E+00
    0.1617954913E+00
    0.1630655583E+00
    0.1657491181E+00
    0.1670159292E+00
    0.1697621480E+00
    0.1710479980E+00
    0.1737944450E+00
    0.1750804249E+00
    0.1777666583E+00
    0.1790608877E+00
    0.1818490661E+00
    0.1831238817E+00
    0.1858517924E+00
    0.1871552364E+00
    0.1899235383E+00
    0.1912650031E+00
    0.1940932800E+00
    0.1954063256E+00
    0.1981747424E+00
    0.1994685849E+00
    0.2022769565E+00
    0.2036090221E+00
    0.2064777381E+00
    0.2078288159E+00
    0.2106170112E+00
    0.2119300125E+00
    0.2147987571E+00
    0.2161403870E+00
    0.2190091602E+00
    0.2203698282E+00
    0.2232385442E+00
    0.2245991985E+00
    0.2274682887E+00
    0.2288099422E+00
    0.2317390051E+00
    0.2331282516E+00
    0.2360171942E+00
    0.2373684391E+00
    0.2402974683E+00
    0.2416676981E+00
    0.2445566840E+00
    0.2459459611E+00
    0.2488550897E+00
    0.2502349029E+00
    0.2531842834E+00
    0.2545831395E+00
    0.2575525813E+00
    0.2589324081E+00
    0.2619018668E+00
    0.2632817061E+00
    0.2662512486E+00
    0.2676883232E+00
    0.2706780063E+00
    0.2720674053E+00
    0.2750368712E+00
    0.2764453174E+00
    0.2794953902E+00
    0.2809134198E+00
    0.2839030646E+00
    0.2853211113E+00
    0.2883711266E+00
    0.2897987441E+00
    0.2928285999E+00
    0.2942656438E+00
    0.2972957492E+00
    0.2987233667E+00
    0.3017734085E+00
    0.3032200393E+00
    0.3062501757E+00
    0.3076683668E+00
    0.3107386593E+00
    0.3121948950E+00
    0.3152249645E+00
    0.3166526014E+00
    0.3197431301E+00
    0.3212089475E+00
    0.3243637511E+00
    0.3258219407E+00
    0.3288798511E+00
    0.3303095881E+00
    0.3334076189E+00
    0.3348942881E+00
    0.3380126711E+00
    0.3394606653E+00
    0.3426010269E+00
    0.3440669509E+00
    0.3471871405E+00
    0.3486341615E+00
    0.3517745530E+00
    0.3532500129E+00
    0.3564306599E+00
    0.3579250308E+00
    0.3610454803E+00
    0.3625020333E+00
    0.3657029914E+00
    0.3671879862E+00
    0.3703084621E+00
    0.3717839152E+00
    0.3750051053E+00
    0.3764900815E+00
    0.3794878011E+00
    0.3811669002E+00
    0.3828460171E+00
    0.3858236189E+00
    0.3875027092E+00
    0.3905370026E+00
    0.3922373547E+00
    0.3951958589E+00
    0.3968751366E+00
    0.3999285060E+00
    0.4016395224E+00
    0.4046550131E+00
    0.4063660631E+00
    0.4093815606E+00
    0.4110608439E+00
    0.4140954432E+00
    0.4158171754E+00
    0.4188882444E+00
    0.4205856175E+00
    0.4235749870E+00
    0.4253185618E+00
    0.4283605150E+00
    0.4300834579E+00
    0.4331254264E+00
    0.4348483514E+00
    0.4379093146E+00
    0.4396430427E+00
    0.4427418179E+00
    0.4444649373E+00
    0.4474691252E+00
    0.4492134535E+00
    0.4522744560E+00
    0.4540189431E+00
    0.4570422041E+00
    0.4587761085E+00
    0.4618938483E+00
    0.4636597384E+00
    0.4667019946E+00
    0.4684358821E+00
    0.4715349380E+00
    0.4732794423E+00
    0.4763784977E+00
    0.4781124031E+00
    0.4811547075E+00
    0.4829207653E+00
    0.4860198193E+00
    0.4877644820E+00
    0.4908447766E+00
    0.4926108258E+00
    0.4957289245E+00
    0.4974949647E+00
    0.5005742481E+00
    0.5023411640E+00
    0.5054661016E+00
    0.5072551204E+00
    0.5103424186E+00
    0.5121099157E+00
    0.5152161979E+00
    0.5170054216E+00
    0.5200927176E+00
    0.5218601980E+00
    0.5249851513E+00
    0.5267849935E+00
    0.5298536678E+00
    0.5316213416E+00
    0.5347651848E+00
    0.5365650566E+00
    0.5396526947E+00
    0.5414312009E+00
    0.5445564225E+00
    0.5463456192E+00
    0.5494708520E+00
    0.5512602357E+00
    0.5544233424E+00
    0.5561910073E+00
    0.5592786457E+00
    0.5610786864E+00
    0.5642228763E+00
    0.5660122777E+00
    0.5691358135E+00
    0.5709661442E+00
    0.5740156896E+00
    0.5758248653E+00
    0.5789679237E+00
    0.5807662995E+00
    0.5838720334E+00
    0.5857029997E+00
    0.5887902453E+00
    0.5905995918E+00
    0.5937052589E+00
    0.5954926886E+00
    0.5985987511E+00
    0.6004516406E+00
    0.6036135476E+00
    0.6054011326E+00
    0.6084883114E+00
    0.6103086286E+00
    0.6133773458E+00
    0.6151975127E+00
    0.6183223839E+00
    0.6201427252E+00
    0.6233049149E+00
    0.6251034710E+00
    0.6281721614E+00
    0.6299857206E+00
    0.6330868216E+00
    0.6349411683E+00
    0.6380351641E+00
    0.6398567493E+00
    0.6429510534E+00
    0.6447507471E+00
    0.6477890882E+00
    0.6496216959E+00
    0.6527532004E+00
    0.6545747792E+00
    0.6576878582E+00
    0.6594985861E+00
    0.6625556521E+00
    0.6643663683E+00
    0.6674422448E+00
    0.6692529767E+00
    0.6723288176E+00
    0.6741395240E+00
    0.6772153748E+00
    0.6790590410E+00
    0.6821723662E+00
    0.6839654404E+00
    0.6869991259E+00
    0.6888109841E+00
    0.6918563152E+00
    0.6936902572E+00
    0.6967356592E+00
    0.6985365929E+00
    0.7015819527E+00
    0.7046646993E+00
    0.7064876852E+00
    0.7095517440E+00
    0.7113747351E+00
    0.7144017772E+00
    0.7162027109E+00
    0.7192113183E+00
    0.7210344862E+00
    0.7240614820E+00
    0.7258624315E+00
    0.7288894251E+00
    0.7306794144E+00
    0.7336988056E+00
    0.7355070473E+00
    0.7384669480E+00
    0.7402687311E+00
    0.7432841752E+00
    0.7450749512E+00
    0.7480904305E+00
    0.7499033933E+00
    0.7528818998E+00
    0.7546726665E+00
    0.7576511906E+00
    0.7594419666E+00
    0.7624022183E+00
    0.7642041846E+00
    0.7671827087E+00
    0.7689736679E+00
    0.7718969334E+00
    0.7736655121E+00
    0.7766549040E+00
    0.7784529533E+00
    0.7802557050E+00
    0.7831674511E+00
    0.7849365730E+00
    0.7879036320E+00
    0.7896839857E+00
    0.7926142707E+00
    0.7943946778E+00
    0.7973064086E+00
    0.7990757068E+00
    0.8019692177E+00
    0.8037383583E+00
    0.8066504079E+00
    0.8084196849E+00
    0.8113499698E+00
    0.8130969223E+00
    0.8159721803E+00
    0.8177273760E+00
    0.8206121885E+00
    0.8223902275E+00
    0.8252565569E+00
    0.8270305757E+00
    0.8298901431E+00
    0.8316414426E+00
    0.8345194651E+00
    0.8362709211E+00
    0.8391304886E+00
    0.8408819635E+00
    0.8437234342E+00
    0.8454748983E+00
    0.8483163256E+00
    0.8500678005E+00
    0.8529092364E+00
    0.8546381701E+00
    0.8574430107E+00
    0.8592099445E+00
    0.8620105429E+00
    0.8637437726E+00
    0.8665621533E+00
    0.8683137426E+00
    0.8711076821E+00
    0.8728365809E+00
    0.8756302154E+00
    0.8773818182E+00
    0.8801938166E+00
    0.8819341759E+00
    0.8846732681E+00
    0.8863795089E+00
    0.8891366993E+00
    0.8908429183E+00
    0.8936184897E+00
    0.8953473884E+00
    0.8981048837E+00
    0.8998111163E+00
    0.9025867052E+00
    0.9042856517E+00
    0.9069841537E+00
    0.9087060880E+00
    0.9114407193E+00
    0.9141145890E+00
    0.9159116999E+00
    0.9179506518E+00
    0.9247573152E+00
    0.9267691595E+00
    0.9335071991E+00
    0.9354788819E+00
    0.9422507328E+00
    0.9442158910E+00
    0.9509419561E+00
    0.9576679828E+00
    0.9596196409E+00
    0.9629349373E+00
    0.9638814795E+00
    0.9655850710E+00
    0.9660748720E+00
    0.9669036551E+00
    0.9671419666E+00
    0.9673826371E+00
    0.9676755763E+00
    0.9679027839E+00
    0.9681793129E+00
    0.9684721864E+00
    0.9687128470E+00
    0.9688319934E+00
    0.9692463739E+00
    0.9693720869E+00
    0.9697633420E+00
    0.9698626253E+00
    0.9702538802E+00
    0.9703597162E+00
    0.9707278729E+00
    0.9708271626E+00
    0.9712184121E+00
    0.9713374621E+00
    0.9716596591E+00
    0.9717721455E+00
    0.9722093601E+00
    0.9722953441E+00
    0.9726403042E+00
    0.9727527906E+00
    0.9730518346E+00
    0.9731642105E+00
    0.9735554435E+00
    0.9736480716E+00
    0.9739470938E+00
    0.9740462745E+00
    0.9744139865E+00
    0.9745065309E+00
    0.9748747206E+00
    0.9749606935E+00
    0.9752597156E+00
    0.9753588900E+00
    0.9756806861E+00
    0.9757666842E+00
    0.9761116223E+00
    0.9762041414E+00
    0.9765032020E+00
    0.9766023827E+00
    0.9769242445E+00
    0.9770035685E+00
    0.9773025907E+00
    0.9773951098E+00
    0.9777169223E+00
    0.9778027863E+00
    0.9781014294E+00
    0.9781807739E+00
    0.9784566485E+00
    0.9785558229E+00
    0.9788545536E+00
    0.9789272161E+00
    0.9791803444E+00
    0.9792662131E+00
    0.9795648562E+00
    0.9796441739E+00
    0.9799659645E+00
    0.9800386538E+00
    0.9802913809E+00
    0.9803772449E+00
    0.9806759756E+00
    0.9807552933E+00
    0.9809621045E+00
    0.9810479685E+00
    0.9813466116E+00
    0.9814060789E+00
    0.9817278695E+00
    0.9818137335E+00
    0.9820205447E+00
    0.9821064275E+00
    0.9823819451E+00
    0.9824347572E+00
    0.9826874844E+00
    0.9827733483E+00
    0.9830260755E+00
    0.9830855366E+00
    0.9833152038E+00
    0.9833944378E+00
    0.9836471705E+00
    0.9837066315E+00
    0.9839821928E+00
    0.9840614016E+00
    0.9842682513E+00
    0.9843342585E+00
    0.9846097542E+00
    0.9846758768E+00
    0.9848826880E+00
    0.9849618968E+00
    0.9851914765E+00
    0.9852442823E+00
    0.9854279461E+00
    0.9855467655E+00
    0.9860059249E+00
    0.9861446198E+00
    0.9865579509E+00
    0.9866767829E+00
    0.9870900482E+00
    0.9872088676E+00
    0.9876221768E+00
    0.9877211332E+00
    0.9881343986E+00
    0.9882532117E+00
    0.9886205392E+00
    0.9887128341E+00
    0.9891029301E+00
    0.9892217684E+00
    0.9895659319E+00
    0.9896648883E+00
    0.9900323034E+00
    0.9902170626E+00
    0.9904622897E+00
    0.9906601951E+00
    0.9909054993E+00
    0.9910878313E+00
    0.9912857939E+00
    0.9914552069E+00
    0.9916862244E+00
    0.9918553972E+00
    0.9920533597E+00
    0.9922227603E+00
    0.9924704180E+00
    0.9926267216E+00
    0.9928247472E+00
    0.9930070793E+00
    0.9932380810E+00
    0.9933812379E+00
    0.9935294894E+00
    0.9936857401E+00
    0.9938671097E+00
    0.9940102075E+00
    0.9942412092E+00
    0.9943974631E+00
    0.9945621136E+00
    0.9946920834E+00
    0.9948570027E+00
    0.9950001099E+00
    0.9951814203E+00
    0.9952853429E+00
    0.9954830287E+00
    0.9956522109E+00
    0.9958169245E+00
    0.9959468850E+00
    0.9960784844E+00
    0.9961953479E+00
    0.9963600575E+00
    0.9964770740E+00
    0.9966250686E+00
    0.9967679605E+00
    0.9969656503E+00
    0.9970824609E+00
    0.9972470956E+00
    0.9973639123E+00
    0.9974788678E+00
    0.9976088251E+00
    0.9977401755E+00
    0.9978438798E+00
    0.9980416050E+00
    0.9981452844E+00
    0.9982766348E+00
    0.9983934733E+00
    0.9985084601E+00
    0.9985989803E+00
    0.9987136630E+00
    0.9987912518E+00
    0.9988895670E+00
    0.9989671527E+00
    0.9990984754E+00
    0.9991889832E+00
    0.9992706227E+00
    0.9993089866E+00
    0.9993906142E+00
    0.9994680249E+00
    0.9995660517E+00
    0.9996436405E+00
    0.9996922919E+00
    0.9997174965E+00
    0.9997991400E+00
    0.9998247846E+00
    0.9998075673E+00
    0.9998332647E+00
    0.9998824144E+00
    0.9998688246E+00
    0.9998847215E+00
    0.9998974377E+00
    0.9999135482E+00
    0.9999652741E+00
    0.9999480568E+00
    0.9999344670E+00
    0.1000000000E+01
    0.0000000000E+00
   -0.4056544435E-03
   -0.5623284086E-03
   -0.1053702630E-02
   -0.1243474734E-02
   -0.1649190275E-02
   -0.1806705095E-02
   -0.2297164428E-02
   -0.2462958042E-02
   -0.2867911586E-02
   -0.3050247768E-02
   -0.3497737717E-02
   -0.3638625462E-02
   -0.4086517774E-02
   -0.4268850009E-02
   -0.4716360425E-02
   -0.4873818460E-02
   -0.5257654152E-02
   -0.5431650775E-02
   -0.5879120342E-02
   -0.6044917934E-02
   -0.6449891946E-02
   -0.6623892515E-02
   -0.7092851848E-02
   -0.7250286140E-02
   -0.7655229702E-02
   -0.7837585647E-02
   -0.8263667278E-02
   -0.8412750075E-02
   -0.8839122172E-02
   -0.9013118828E-02
   -0.9460639478E-02
   -0.9626433092E-02
   -0.1000992748E-01
   -0.1017558455E-01
   -0.1064453373E-01
   -0.1080198381E-01
   -0.1118549867E-01
   -0.1135949132E-01
   -0.1180695057E-01
   -0.1193951066E-01
   -0.1234403136E-01
   -0.1251177805E-01
   -0.1293575197E-01
   -0.1311193979E-01
   -0.1353587305E-01
   -0.1369532495E-01
   -0.1403456386E-01
   -0.1420231861E-01
   -0.1464763592E-01
   -0.1479861445E-01
   -0.1518022074E-01
   -0.1534799153E-01
   -0.1577192489E-01
   -0.1592289143E-01
   -0.1634685508E-01
   -0.1651460982E-01
   -0.1691754941E-01
   -0.1706852804E-01
   -0.1749249186E-01
   -0.1766025856E-01
   -0.1802051135E-01
   -0.1817982490E-01
   -0.1860376827E-01
   -0.1876319618E-01
   -0.1918714982E-01
   -0.1934645524E-01
   -0.1972808190E-01
   -0.1986231651E-01
   -0.2026488610E-01
   -0.2042418359E-01
   -0.2080572920E-01
   -0.2096501471E-01
   -0.2136767561E-01
   -0.2151022906E-01
   -0.2191280883E-01
   -0.2208900471E-01
   -0.2247058070E-01
   -0.2261312223E-01
   -0.2303710616E-01
   -0.2319641565E-01
   -0.2351431116E-01
   -0.2367360862E-01
   -0.2407619841E-01
   -0.2421872788E-01
   -0.2462133820E-01
   -0.2478065571E-01
   -0.2514088831E-01
   -0.2528341378E-01
   -0.2566467044E-01
   -0.2581551874E-01
   -0.2621811880E-01
   -0.2638588953E-01
   -0.2674608172E-01
   -0.2688860314E-01
   -0.2729124367E-01
   -0.2744209598E-01
   -0.2778096497E-01
   -0.2792351049E-01
   -0.2834744376E-01
   -0.2849830006E-01
   -0.2887957692E-01
   -0.2903886233E-01
   -0.2939907472E-01
   -0.2951688676E-01
   -0.2989737112E-01
   -0.3005749105E-01
   -0.3045934743E-01
   -0.3061094783E-01
   -0.3094912816E-01
   -0.3108388095E-01
   -0.3146436531E-01
   -0.3161596571E-01
   -0.3199649039E-01
   -0.3213975053E-01
   -0.3247795101E-01
   -0.3262954338E-01
   -0.3303131879E-01
   -0.3318291919E-01
   -0.3347883580E-01
   -0.3361360866E-01
   -0.3399413335E-01
   -0.3414572170E-01
   -0.3452620606E-01
   -0.3466098295E-01
   -0.3497787223E-01
   -0.3512098135E-01
   -0.3550150603E-01
   -0.3565310241E-01
   -0.3599131298E-01
   -0.3612608183E-01
   -0.3650655612E-01
   -0.3665815250E-01
   -0.3701734548E-01
   -0.3714360686E-01
   -0.3748181742E-01
   -0.3763342585E-01
   -0.3801389006E-01
   -0.3815700326E-01
   -0.3851621657E-01
   -0.3863412576E-01
   -0.3897230609E-01
   -0.3911540707E-01
   -0.3945327886E-01
   -0.3957956048E-01
   -0.3989648982E-01
   -0.4004809022E-01
   -0.4042855443E-01
   -0.4056316812E-01
   -0.4092171298E-01
   -0.4104954688E-01
   -0.4132282013E-01
   -0.4146769354E-01
   -0.4182513823E-01
   -0.4195298026E-01
   -0.4226827888E-01
   -0.4241315236E-01
   -0.4277057715E-01
   -0.4289839073E-01
   -0.4325582531E-01
   -0.4340072308E-01
   -0.4369481534E-01
   -0.4383968065E-01
   -0.4419709533E-01
   -0.4431632080E-01
   -0.4463166965E-01
   -0.4477656749E-01
   -0.4513399220E-01
   -0.4525321767E-01
   -0.4558941579E-01
   -0.4573428517E-01
   -0.4604962391E-01
   -0.4616039795E-01
   -0.4647538963E-01
   -0.4661168716E-01
   -0.4692706618E-01
   -0.4705473894E-01
   -0.4739090689E-01
   -0.4751873273E-01
   -0.4787613738E-01
   -0.4801243491E-01
   -0.4830659730E-01
   -0.4842582276E-01
   -0.4874078435E-01
   -0.4888564547E-01
   -0.4913771227E-01
   -0.4924836182E-01
   -0.4960577642E-01
   -0.4974205775E-01
   -0.5003621027E-01
   -0.5017248334E-01
   -0.5050868146E-01
   -0.5062793546E-01
   -0.5094290691E-01
   -0.5107057974E-01
   -0.5136472215E-01
   -0.5148395981E-01
   -0.5179897180E-01
   -0.5192665675E-01
   -0.5219956271E-01
   -0.5231019600E-01
   -0.5264639379E-01
   -0.5276560286E-01
   -0.5303851885E-01
   -0.5314918073E-01
   -0.5348539908E-01
   -0.5362166808E-01
   -0.5393669988E-01
   -0.5405578866E-01
   -0.5432867439E-01
   -0.5444791199E-01
   -0.5476289364E-01
   -0.5489057466E-01
   -0.5516355083E-01
   -0.5526557564E-01
   -0.5558053723E-01
   -0.5570824255E-01
   -0.5593908268E-01
   -0.5605830408E-01
   -0.5635209935E-01
   -0.5647117997E-01
   -0.5674412604E-01
   -0.5685476336E-01
   -0.5714853849E-01
   -0.5727622344E-01
   -0.5759120501E-01
   -0.5768464991E-01
   -0.5795760610E-01
   -0.5808529106E-01
   -0.5837904595E-01
   -0.5846403126E-01
   -0.5873700751E-01
   -0.5886468854E-01
   -0.5915841334E-01
   -0.5925187041E-01
   -0.5950364013E-01
   -0.5963130876E-01
   -0.5990421480E-01
   -0.6000625591E-01
   -0.6027882451E-01
   -0.6038085342E-01
   -0.6063257299E-01
   -0.6075166177E-01
   -0.6104548729E-01
   -0.6113893623E-01
   -0.6134854969E-01
   -0.6147623065E-01
   -0.6174879957E-01
   -0.6184225660E-01
   -0.6209400610E-01
   -0.6219601865E-01
   -0.6242649133E-01
   -0.6253700013E-01
   -0.6283081579E-01
   -0.6293284470E-01
   -0.6316332758E-01
   -0.6323971457E-01
   -0.6353352990E-01
   -0.6364416448E-01
   -0.6387418862E-01
   -0.6396811691E-01
   -0.6421937052E-01
   -0.6432190033E-01
   -0.6457276728E-01
   -0.6467515769E-01
   -0.6492637626E-01
   -0.6502889176E-01
   -0.6519581995E-01
   -0.6528110567E-01
   -0.6553228904E-01
   -0.6562617216E-01
   -0.6587700900E-01
   -0.6598806047E-01
   -0.6619695557E-01
   -0.6628221052E-01
   -0.6653344911E-01
   -0.6661022148E-01
   -0.6681911158E-01
   -0.6690434188E-01
   -0.6713440122E-01
   -0.6721968702E-01
   -0.6747055889E-01
   -0.6756444201E-01
   -0.6779447616E-01
   -0.6787974346E-01
   -0.6808860353E-01
   -0.6818251130E-01
   -0.6832823504E-01
   -0.6843061728E-01
   -0.6866069163E-01
   -0.6873729996E-01
   -0.6894616987E-01
   -0.6902293401E-01
   -0.6921064469E-01
   -0.6928726732E-01
   -0.6951735177E-01
   -0.6960060238E-01
   -0.6965186113E-01
   -0.6975630117E-01
   -0.6979030351E-01
   -0.6983293204E-01
   -0.6992610439E-01
   -0.6997808176E-01
   -0.7001571251E-01
   -0.7006766489E-01
   -0.7016275265E-01
   -0.7019385767E-01
   -0.7028897763E-01
   -0.7034093002E-01
   -0.7041677707E-01
   -0.7045821714E-01
   -0.7057259605E-01
   -0.7062455591E-01
   -0.7071962544E-01
   -0.7077156778E-01
   -0.7084739660E-01
   -0.7094254817E-01
   -0.7098397072E-01
   -0.7104084233E-01
   -0.7109280227E-01
   -0.7116861741E-01
   -0.7121008479E-01
   -0.7130518637E-01
   -0.7133624885E-01
   -0.7143136418E-01
   -0.7148332670E-01
   -0.7155916903E-01
   -0.7160059906E-01
   -0.7167643243E-01
   -0.7171786494E-01
   -0.7175549569E-01
   -0.7179694315E-01
   -0.7189203091E-01
   -0.7194398832E-01
   -0.7203908990E-01
   -0.7207017483E-01
   -0.7210777823E-01
   -0.7214921074E-01
   -0.7228254215E-01
   -0.7233449707E-01
   -0.7235284137E-01
   -0.7237338646E-01
   -0.7243025823E-01
   -0.7249257559E-01
   -0.7262589317E-01
   -0.7265697565E-01
   -0.7269460640E-01
   -0.7271512900E-01
   -0.7279095781E-01
   -0.7285328771E-01
   -0.7289089111E-01
   -0.7292198106E-01
   -0.7301708264E-01
   -0.7305851267E-01
   -0.7311508679E-01
   -0.7313563188E-01
   -0.7319248078E-01
   -0.7323390076E-01
   -0.7330978875E-01
   -0.7335123870E-01
   -0.7342706751E-01
   -0.7344759268E-01
   -0.7350444591E-01
   -0.7354591329E-01
   -0.7360246485E-01
   -0.7365442479E-01
   -0.7371129625E-01
   -0.7372128885E-01
   -0.7377784945E-01
   -0.7382981197E-01
   -0.7392489517E-01
   -0.7393489772E-01
   -0.7397251480E-01
   -0.7402449230E-01
   -0.7408103452E-01
   -0.7411191956E-01
   -0.7416881388E-01
   -0.7418936644E-01
   -0.7424593624E-01
   -0.7428736875E-01
   -0.7432496759E-01
   -0.7434552260E-01
   -0.7438313968E-01
   -0.7441404227E-01
   -0.7452810091E-01
   -0.7455916338E-01
   -0.7457753974E-01
   -0.7459809230E-01
   -0.7469318006E-01
   -0.7474496751E-01
   -0.7478256635E-01
   -0.7480312638E-01
   -0.7482143408E-01
   -0.7486286659E-01
   -0.7493869526E-01
   -0.7495923785E-01
   -0.7497755026E-01
   -0.7498756294E-01
   -0.7502900292E-01
   -0.7506686143E-01
   -0.7508599557E-01
   -0.7510479700E-01
   -0.7514418113E-01
   -0.7517243371E-01
   -0.7523165139E-01
   -0.7526003629E-01
   -0.7529941080E-01
   -0.7532767255E-01
   -0.7534690236E-01
   -0.7536567185E-01
   -0.7544502423E-01
   -0.7545417362E-01
   -0.7547338457E-01
   -0.7551124572E-01
   -0.7559062696E-01
   -0.7558069638E-01
   -0.7559987847E-01
   -0.7561867531E-01
   -0.7561800491E-01
   -0.7563660313E-01
   -0.7569580626E-01
   -0.7571458266E-01
   -0.7573377907E-01
   -0.7574293999E-01
   -0.7576216017E-01
   -0.7580002583E-01
   -0.7587940238E-01
   -0.7586946262E-01
   -0.7588866880E-01
   -0.7590745430E-01
   -0.7588660095E-01
   -0.7590521058E-01
   -0.7596438485E-01
   -0.7598317946E-01
   -0.7602256359E-01
   -0.7605078862E-01
   -0.7604985503E-01
   -0.7604953985E-01
   -0.7610871412E-01
   -0.7610825281E-01
   -0.7610757756E-01
   -0.7614544554E-01
   -0.7614450702E-01
   -0.7612492667E-01
   -0.7620430791E-01
   -0.7621347566E-01
   -0.7617245382E-01
   -0.7621031489E-01
   -0.7624967031E-01
   -0.7623013101E-01
   -0.7626912248E-01
   -0.7628787153E-01
   -0.7628727755E-01
   -0.7630589853E-01
   -0.7630490760E-01
   -0.7629497243E-01
   -0.7633402108E-01
   -0.7634317058E-01
   -0.7634252905E-01
   -0.7632297605E-01
   -0.7632187943E-01
   -0.7635974741E-01
   -0.7637900624E-01
   -0.7635942130E-01
   -0.7637861301E-01
   -0.7638777852E-01
   -0.7636690115E-01
   -0.7637605971E-01
   -0.7641509437E-01
   -0.7642423253E-01
   -0.7638328235E-01
   -0.7636371800E-01
   -0.7638284760E-01
   -0.7640147316E-01
   -0.7638061019E-01
   -0.7637068188E-01
   -0.7642995675E-01
   -0.7643910849E-01
   -0.7639807226E-01
   -0.7638812791E-01
   -0.7634711093E-01
   -0.7634665409E-01
   -0.7640589087E-01
   -0.7640539526E-01
   -0.7636433979E-01
   -0.7635439085E-01
   -0.7635338044E-01
   -0.7635291678E-01
   -0.7637214205E-01
   -0.7638130979E-01
   -0.7634025432E-01
   -0.7632068080E-01
   -0.7629986593E-01
   -0.7628029241E-01
   -0.7625911821E-01
   -0.7626828148E-01
   -0.7626732849E-01
   -0.7626686482E-01
   -0.7624601632E-01
   -0.7622644280E-01
   -0.7618542581E-01
   -0.7618493704E-01
   -0.7614390081E-01
   -0.7612436150E-01
   -0.7616338168E-01
   -0.7614381275E-01
   -0.7610281485E-01
   -0.7609287050E-01
   -0.7605185351E-01
   -0.7604176068E-01
   -0.7606093330E-01
   -0.7605097977E-01
   -0.7598981792E-01
   -0.7597025817E-01
   -0.7592922194E-01
   -0.7590965069E-01
   -0.7586863371E-01
   -0.7586817012E-01
   -0.7586717880E-01
   -0.7584759609E-01
   -0.7578640100E-01
   -0.7575720525E-01
   -0.7573636637E-01
   -0.7572642660E-01
   -0.7566521704E-01
   -0.7565511962E-01
   -0.7557405757E-01
   -0.7555448404E-01
   -0.7555350250E-01
   -0.7552431585E-01
   -0.7548327962E-01
   -0.7545426421E-01
   -0.7539305465E-01
   -0.7536386113E-01
   -0.7532286339E-01
   -0.7532239279E-01
   -0.7528133731E-01
   -0.7526177073E-01
   -0.7520057564E-01
   -0.7515228595E-01
   -0.7509109564E-01
   -0.7507151752E-01
   -0.7503050054E-01
   -0.7503004381E-01
   -0.7494901517E-01
   -0.7490072548E-01
   -0.7487957037E-01
   -0.7485038144E-01
   -0.7476929092E-01
   -0.7475934198E-01
   -0.7469817067E-01
   -0.7464989927E-01
   -0.7458868494E-01
   -0.7457859434E-01
   -0.7447737820E-01
   -0.7442907945E-01
   -0.7442804979E-01
   -0.7440847168E-01
   -0.7430725061E-01
   -0.7425897686E-01
   -0.7415773687E-01
   -0.7410944502E-01
   -0.7404826917E-01
   -0.7401909610E-01
   -0.7393807238E-01
   -0.7391849886E-01
   -0.7381724439E-01
   -0.7376894795E-01
   -0.7374777853E-01
   -0.7371858042E-01
   -0.7361737367E-01
   -0.7356911828E-01
   -0.7348804207E-01
   -0.7344937924E-01
   -0.7334818211E-01
   -0.7329990161E-01
   -0.7323868727E-01
   -0.7320948917E-01
   -0.7308808999E-01
   -0.7304928100E-01
   -0.7300824477E-01
   -0.7296956597E-01
   -0.7286831166E-01
   -0.7282004026E-01
   -0.7269867465E-01
   -0.7265037362E-01
   -0.7254908082E-01
   -0.7249120085E-01
   -0.7239001334E-01
   -0.7234170772E-01
   -0.7224049159E-01
   -0.7220184242E-01
   -0.7210062151E-01
   -0.7202361566E-01
   -0.7188235931E-01
   -0.7183409701E-01
   -0.7171269800E-01
   -0.7168349989E-01
   -0.7160243784E-01
   -0.7154451682E-01
   -0.7146314347E-01
   -0.7142448512E-01
   -0.7128321915E-01
   -0.7120622248E-01
   -0.7108482363E-01
   -0.7103652260E-01
   -0.7091512343E-01
   -0.7083812676E-01
   -0.7069686079E-01
   -0.7064857786E-01
   -0.7054732355E-01
   -0.7047995147E-01
   -0.7031851701E-01
   -0.7026061192E-01
   -0.7015939555E-01
   -0.7009200511E-01
   -0.6993057065E-01
   -0.6987267702E-01
   -0.6971122332E-01
   -0.6963422665E-01
   -0.6953298196E-01
   -0.6947522528E-01
   -0.6933395931E-01
   -0.6927605187E-01
   -0.6810504603E-01
   -0.6757516171E-01
   -0.6646425481E-01
   -0.6590568384E-01
   -0.6477467527E-01
   -0.6422571982E-01
   -0.6307482527E-01
   -0.6256404152E-01
   -0.6145278499E-01
   -0.6089420268E-01
   -0.5976320373E-01
   -0.5922372445E-01
   -0.5815250797E-01
   -0.5764159626E-01
   -0.5649036163E-01
   -0.5594122112E-01
   -0.5480986315E-01
   -0.5426074784E-01
   -0.5318960317E-01
   -0.5267867553E-01
   -0.5154727907E-01
   -0.5101725760E-01
   -0.4992590128E-01
   -0.4940535371E-01
   -0.4835403283E-01
   -0.4786220810E-01
   -0.4677089011E-01
   -0.4625033564E-01
   -0.4519848970E-01
   -0.4467927618E-01
   -0.4354613229E-01
   -0.4301731221E-01
   -0.4198460313E-01
   -0.4150348116E-01
   -0.4045083751E-01
   -0.3994146850E-01
   -0.3888790303E-01
   -0.3838833998E-01
   -0.3731490976E-01
   -0.3682478667E-01
   -0.3583154878E-01
   -0.3532224986E-01
   -0.3424846965E-01
   -0.3377738131E-01
   -0.3278413347E-01
   -0.3227499834E-01
   -0.3126156017E-01
   -0.3078085209E-01
   -0.2978728799E-01
   -0.2929702378E-01
   -0.2824349178E-01
   -0.2777239451E-01
   -0.2677879201E-01
   -0.2631713470E-01
   -0.2532351775E-01
   -0.2485226562E-01
   -0.2385870152E-01
   -0.2338743354E-01
   -0.2249429540E-01
   -0.2203260623E-01
   -0.2105896887E-01
   -0.2059717050E-01
   -0.1964365698E-01
   -0.1920099350E-01
   -0.1822731316E-01
   -0.1777507321E-01
   -0.1682162179E-01
   -0.1635980516E-01
   -0.1544640459E-01
   -0.1501317447E-01
   -0.1407960175E-01
   -0.1363683130E-01
   -0.1274331448E-01
   -0.1231007751E-01
   -0.1141659415E-01
   -0.1098337076E-01
   -0.1008988713E-01
   -0.9675534667E-02
   -0.8822168931E-02
   -0.8407987246E-02
   -0.7514518235E-02
   -0.7090737155E-02
   -0.6257216613E-02
   -0.5852434010E-02
   -0.4999087554E-02
   -0.4594338962E-02
   -0.3760799457E-02
   -0.3375047111E-02
   -0.2501447235E-02
   -0.2087101684E-02
   -0.1313918598E-02
   -0.9281662522E-03
   -0.9467933163E-04
    0.3006382295E-03
    0.1073842966E-02
    0.1430990751E-02
    0.2224391265E-02
    0.2600695658E-02
    0.3373866656E-02
    0.3759608845E-02
    0.4512903753E-02
    0.4870207392E-02
    0.5603426389E-02
    0.5958849534E-02
    0.6693717221E-02
    0.7058533630E-02
    0.7813711231E-02
    0.8159771703E-02
    0.8874733064E-02
    0.9201246466E-02
    0.9876369852E-02
    0.1021245875E-01
    0.1092783432E-01
    0.1125440358E-01
    0.1192953908E-01
    0.1224674589E-01
    0.1294213619E-01
    0.1326884687E-01
    0.1388352868E-01
    0.1419121247E-01
    0.1484639667E-01
    0.1514468981E-01
    0.1575936690E-01
    0.1607659006E-01
    0.1669151028E-01
    0.1698980392E-01
    0.1759853266E-01
    0.1791246480E-01
    0.1822638369E-01
    0.1872955842E-01
    0.1904346391E-01
    0.1962277338E-01
    0.1994738641E-01
    0.2048848852E-01
    0.2074922449E-01
    0.2129061556E-01
    0.2159401166E-01
    0.2211628722E-01
    0.2241967804E-01
    0.2294197682E-01
    0.2320272517E-01
    0.2368713561E-01
    0.2396927406E-01
    0.2447158675E-01
    0.2471217033E-01
    0.2517632590E-01
    0.2543829885E-01
    0.2588313891E-01
    0.2613508380E-01
    0.2657989209E-01
    0.2683182879E-01
    0.2723888142E-01
    0.2746943289E-01
    0.2789552789E-01
    0.2809394308E-01
    0.2851972488E-01
    0.2878242917E-01
    0.2918948186E-01
    0.2939864752E-01
    0.2978667234E-01
    0.2996369323E-01
    0.3035201455E-01
    0.3057199240E-01
    0.3092233796E-01
    0.3109935035E-01
    0.3143091982E-01
    0.3164009415E-01
    0.3197166193E-01
    0.3214868330E-01
    0.3249893607E-01
    0.3266535785E-01
    0.3299692562E-01
    0.3315256077E-01
    0.3342737672E-01
    0.3359381571E-01
    0.3388761143E-01
    0.3405402391E-01
    0.3432743022E-01
    0.3446179493E-01
    0.3471685326E-01
    0.3486289203E-01
    0.3509901434E-01
    0.3523420365E-01
    0.3543274698E-01
    0.3552488034E-01
    0.3576100153E-01
    0.3589618229E-01
    0.3615128763E-01
    0.3627581201E-01
    0.3645543500E-01
    0.3653672693E-01
    0.3675420549E-01
    0.3687872236E-01
    0.3702071705E-01
    0.3708047681E-01
    0.3724137899E-01
    0.3733352110E-01
    0.3749446794E-01
    0.3753269559E-01
    0.3761843673E-01
    0.3769974637E-01
    0.3784174051E-01
    0.3791233386E-01
    0.3803568816E-01
    0.3807392518E-01
    0.3813736306E-01
    0.3818604202E-01
    0.3827094652E-01
    0.3830958791E-01
    0.3839478617E-01
    0.3840071418E-01
    0.3846709474E-01
    0.3851674494E-01
    0.3852695492E-01
    0.3851112113E-01
    0.3857746801E-01
    0.3860514750E-01
    0.3857795435E-01
    0.3858407179E-01
    0.3863188152E-01
    0.3860507798E-01
    0.3861525429E-01
    0.3857765869E-01
    0.3853167788E-01
    0.3854856858E-01
    0.3848404364E-01
    0.3844643902E-01
    0.3840068826E-01
    0.3835212228E-01
    0.3830612800E-01
    0.3823453351E-01
    0.3811207518E-01
    0.3808525580E-01
    0.3805819465E-01
    0.3798740736E-01
    0.3786716187E-01
    0.3778531553E-01
    0.3768352887E-01
    0.3759082507E-01
    0.3748929439E-01
    0.3741848092E-01
    0.3726099297E-01
    0.3715725893E-01
    0.3701824074E-01
    0.3691447788E-01
    0.3673823512E-01
    0.3663448016E-01
    0.3645821950E-01
    0.3635447624E-01
    0.3617826227E-01
    0.3606363553E-01
    0.3581293193E-01
    0.3564166570E-01
    0.3544469411E-01
    0.3530708901E-01
    0.3507579001E-01
    0.3494929159E-01
    0.3471798397E-01
    0.3454718851E-01
    0.3431589846E-01
    0.3401044710E-01
    0.3385076875E-01
    0.3358238700E-01
    0.3342273763E-01
    0.3313572801E-01
    0.3296493255E-01
    0.3262210560E-01
    0.3240720571E-01
    0.3212013397E-01
    0.3194934646E-01
    0.3166227914E-01
    0.3145833275E-01
    0.3107699224E-01
    0.3084860592E-01
    0.3048851382E-01
    0.3028320622E-01
    0.2990480653E-01
    0.2966611122E-01
    0.2928772928E-01
    0.2906021895E-01
    0.2866319800E-01
    0.2842452122E-01
    0.2802750915E-01
    0.2778881385E-01
    0.2733628715E-01
    0.2707539445E-01
    0.2667838238E-01
    0.2638410198E-01
    0.2591296268E-01
    0.2566307707E-01
    0.2522775192E-01
    0.2493069236E-01
    0.2463448611E-01
    0.2416519087E-01
    0.2388005596E-01
    0.2339252544E-01
    0.2308505783E-01
    0.2257898846E-01
    0.2227149434E-01
    0.2180218588E-01
    0.2146111657E-01
    0.2093650837E-01
    0.2065136285E-01
    0.2008998051E-01
    0.1974890046E-01
    0.1924283109E-01
    0.1889044990E-01
    0.1831051988E-01
    0.1795316984E-01
    0.1743013868E-01
    0.1708735499E-01
    0.1650641353E-01
    0.1612835573E-01
    0.1555159047E-01
    0.1521862599E-01
    0.1460529607E-01
    0.1421585705E-01
    0.1363904811E-01
    0.1324962530E-01
    0.1261790146E-01
    0.1222847323E-01
    0.1159666189E-01
    0.1120723908E-01
    0.1057545398E-01
    0.1017466078E-01
    0.9524437932E-02
    0.9109708487E-02
    0.8460494733E-02
    0.8058699278E-02
    0.7461401253E-02
    0.7035306166E-02
    0.6296480522E-02
    0.5858946525E-02
    0.5211347092E-02
    0.4785252050E-02
    0.4101182243E-02
    0.3640968633E-02
    0.2920231999E-02
    0.2471248361E-02
    0.1805232894E-02
    0.1356265443E-02
    0.6538753583E-03
    0.2163413616E-03
   -0.5408568182E-03
   -0.9898242250E-03
   -0.1692249051E-02
   -0.2178526287E-02
   -0.2916474664E-02
   -0.3389298444E-02
   -0.4112272118E-02
   -0.4903048237E-02
   -0.5341262179E-02
   -0.5911710377E-02
   -0.7851788929E-02
   -0.8435902783E-02
   -0.1035707177E-01
   -0.1091814803E-01
   -0.1295977504E-01
   -0.1357428779E-01
   -0.1563899667E-01
   -0.1770368380E-01
   -0.1829402309E-01
   -0.1938697445E-01
   -0.1968800502E-01
   -0.2021133314E-01
   -0.2036180339E-01
   -0.2063506879E-01
   -0.2071362360E-01
   -0.2079033135E-01
   -0.2088686086E-01
   -0.2093953730E-01
   -0.2100366903E-01
   -0.2110022202E-01
   -0.2118219415E-01
   -0.2122148420E-01
   -0.2135809500E-01
   -0.2137750625E-01
   -0.2146824490E-01
   -0.2150097611E-01
   -0.2159165993E-01
   -0.2160454707E-01
   -0.2164930382E-01
   -0.2168203186E-01
   -0.2177275956E-01
   -0.2177896938E-01
   -0.2184689568E-01
   -0.2187297483E-01
   -0.2194048910E-01
   -0.2194682367E-01
   -0.2194573044E-01
   -0.2197180959E-01
   -0.2199380900E-01
   -0.2198682688E-01
   -0.2207752174E-01
   -0.2209705150E-01
   -0.2211906195E-01
   -0.2211874763E-01
   -0.2204855814E-01
   -0.2203501708E-01
   -0.2207978469E-01
   -0.2208611299E-01
   -0.2210812344E-01
   -0.2210779653E-01
   -0.2206075452E-01
   -0.2206707012E-01
   -0.2206593310E-01
   -0.2205240474E-01
   -0.2207443699E-01
   -0.2207412267E-01
   -0.2202704754E-01
   -0.2202017122E-01
   -0.2204218167E-01
   -0.2202865330E-01
   -0.2198158930E-01
   -0.2195485948E-01
   -0.2186189057E-01
   -0.2185500787E-01
   -0.2183110238E-01
   -0.2183077547E-01
   -0.2173776241E-01
   -0.2171768781E-01
   -0.2176288952E-01
   -0.2173616914E-01
   -0.2164320024E-01
   -0.2163632709E-01
   -0.2158927412E-01
   -0.2156918997E-01
   -0.2149936854E-01
   -0.2147263871E-01
   -0.2137962566E-01
   -0.2137275250E-01
   -0.2132607855E-01
   -0.2129934872E-01
   -0.2120637982E-01
   -0.2119295725E-01
   -0.2114590429E-01
   -0.2111917446E-01
   -0.2107250051E-01
   -0.2104576117E-01
   -0.2090686528E-01
   -0.2088024125E-01
   -0.2081041982E-01
   -0.2078369000E-01
   -0.2071386857E-01
   -0.2070044917E-01
   -0.2058466765E-01
   -0.2054472368E-01
   -0.2047491319E-01
   -0.2046149380E-01
   -0.2032257584E-01
   -0.2028264456E-01
   -0.2023599241E-01
   -0.2020271634E-01
   -0.2006383150E-01
   -0.2006362615E-01
   -0.2001695219E-01
   -0.1997702091E-01
   -0.1986128354E-01
   -0.1983466269E-01
   -0.1974207279E-01
   -0.1968217270E-01
   -0.1945069796E-01
   -0.1939733459E-01
   -0.1918896317E-01
   -0.1912905673E-01
   -0.1892071842E-01
   -0.1886081833E-01
   -0.1865245795E-01
   -0.1858601479E-01
   -0.1837767648E-01
   -0.1831777956E-01
   -0.1813259977E-01
   -0.1805294256E-01
   -0.1779869935E-01
   -0.1773878974E-01
   -0.1750766116E-01
   -0.1744121800E-01
   -0.1725599405E-01
   -0.1712976186E-01
   -0.1696509651E-01
   -0.1683221516E-01
   -0.1667076882E-01
   -0.1651343863E-01
   -0.1633076849E-01
   -0.1621265695E-01
   -0.1601332290E-01
   -0.1582988965E-01
   -0.1564721951E-01
   -0.1552911424E-01
   -0.1536282734E-01
   -0.1521861880E-01
   -0.1503591689E-01
   -0.1487858669E-01
   -0.1467926059E-01
   -0.1450897386E-01
   -0.1430988896E-01
   -0.1416569928E-01
   -0.1394995816E-01
   -0.1377967785E-01
   -0.1358035175E-01
   -0.1343616828E-01
   -0.1318741974E-01
   -0.1299106740E-01
   -0.1282504534E-01
   -0.1265478368E-01
   -0.1243904276E-01
   -0.1225580591E-01
   -0.1199039352E-01
   -0.1180697892E-01
   -0.1155819860E-01
   -0.1136185875E-01
   -0.1112974253E-01
   -0.1090729940E-01
   -0.1065851121E-01
   -0.1050137140E-01
   -0.1021958365E-01
   -0.9984018880E-02
   -0.9718614370E-02
   -0.9496190109E-02
   -0.9247410049E-02
   -0.9024967083E-02
   -0.8759835291E-02
   -0.8563489222E-02
   -0.8248646443E-02
   -0.8000131400E-02
   -0.7734679429E-02
   -0.7486176923E-02
   -0.7171334144E-02
   -0.6948872421E-02
   -0.6683685290E-02
   -0.6409079721E-02
   -0.6061213558E-02
   -0.5825864048E-02
   -0.5527685109E-02
   -0.5292329381E-02
   -0.4977470912E-02
   -0.4702871612E-02
   -0.4371653534E-02
   -0.4123372557E-02
   -0.3792130844E-02
   -0.3491428275E-02
   -0.3110522908E-02
   -0.2875173397E-02
   -0.2560555876E-02
   -0.2286171835E-02
   -0.1954961634E-02
   -0.1811202469E-02
   -0.1612663012E-02
   -0.1468884988E-02
   -0.1319799489E-02
   -0.1163090204E-02
   -0.9478866466E-03
   -0.8433586174E-03
   -0.7109290812E-03
   -0.5540294078E-03
   -0.3554899507E-03
   -0.1987806647E-03
    0.1176117565E-15
