         678
    0.0000000000E+00
    0.5291501888E-04
    0.1440246661E-03
    0.1209439266E-03
    0.8116499876E-04
    0.1112956879E-03
    0.7160395881E-04
    0.8651568808E-04
    0.2037598841E-03
    0.1958691185E-03
    0.2215001828E-03
    0.2744877061E-03
    0.3916570644E-03
    0.4217877535E-03
    0.4474281556E-03
    0.5003123522E-03
    0.6178021111E-03
    0.6479473323E-03
    0.6476581704E-03
    0.6735596530E-03
    0.7417045309E-03
    0.7414091213E-03
    0.8589674708E-03
    0.8891942206E-03
    0.9150957031E-03
    0.9802352768E-03
    0.1071090144E-02
    0.1123151167E-02
    0.1188303236E-02
    0.1271732391E-02
    0.1389190911E-02
    0.1388895501E-02
    0.1441982301E-02
    0.1533228410E-02
    0.1548337273E-02
    0.1639405563E-02
    0.1754312369E-02
    0.1819247942E-02
    0.1847294261E-02
    0.1873282192E-02
    0.1901372412E-02
    0.1933709256E-02
    0.2032742914E-02
    0.2091251992E-02
    0.2218577777E-02
    0.2250981369E-02
    0.2321513518E-02
    0.2379968288E-02
    0.2507216318E-02
    0.2539664888E-02
    0.2638661417E-02
    0.2697167385E-02
    0.2796136830E-02
    0.2841543505E-02
    0.2940523143E-02
    0.3018509921E-02
    0.3117320655E-02
    0.3130210832E-02
    0.3257597408E-02
    0.3303092534E-02
    0.3402021501E-02
    0.3492989659E-02
    0.3662740409E-02
    0.3695179649E-02
    0.3794152517E-02
    0.3852683365E-02
    0.3909112961E-02
    0.3987070210E-02
    0.4185241513E-02
    0.4230662167E-02
    0.4301248335E-02
    0.4392267692E-02
    0.4590445765E-02
    0.4648933140E-02
    0.4747855336E-02
    0.4780254246E-02
    0.4907613740E-02
    0.4998659480E-02
    0.5267649219E-02
    0.5345628238E-02
    0.5416167157E-02
    0.5507184941E-02
    0.5634527617E-02
    0.5666918769E-02
    0.5836672941E-02
    0.5895188239E-02
    0.6022632258E-02
    0.6146192925E-02
    0.6344357458E-02
    0.6389792056E-02
    0.6559559770E-02
    0.6650610159E-02
    0.6777925752E-02
    0.6868948218E-02
    0.7067099208E-02
    0.7112546247E-02
    0.7282313961E-02
    0.7405887001E-02
    0.7604037992E-02
    0.7649449316E-02
    0.7819284591E-02
    0.7942845259E-02
    0.8141003020E-02
    0.8199512098E-02
    0.8397673209E-02
    0.8508250958E-02
    0.8607173153E-02
    0.8698169235E-02
    0.8995636895E-02
    0.9086643811E-02
    0.9213956055E-02
    0.9291941295E-02
    0.9532547755E-02
    0.9623571760E-02
    0.9821854526E-02
    0.9932391911E-02
    0.1020133098E-01
    0.1029236120E-01
    0.1041976809E-01
    0.1054334581E-01
    0.1081229165E-01
    0.1087080695E-01
    0.1106898830E-01
    0.1119252569E-01
    0.1146157972E-01
    0.1155258974E-01
    0.1175084542E-01
    0.1187444645E-01
    0.1214338552E-01
    0.1226696789E-01
    0.1246513242E-01
    0.1258868687E-01
    0.1285775771E-01
    0.1294875690E-01
    0.1317530471E-01
    0.1329889641E-01
    0.1353957044E-01
    0.1364363013E-01
    0.1387019148E-01
    0.1399380335E-01
    0.1426272887E-01
    0.1441878119E-01
    0.1461696603E-01
    0.1470800245E-01
    0.1504789172E-01
    0.1518452376E-01
    0.1541108511E-01
    0.1552160233E-01
    0.1581906999E-01
    0.1595568186E-01
    0.1622473916E-01
    0.1636136655E-01
    0.1663036306E-01
    0.1674088182E-01
    0.1696744317E-01
    0.1710408454E-01
    0.1747244496E-01
    0.1764158417E-01
    0.1783974870E-01
    0.1794381461E-01
    0.1831200279E-01
    0.1845506747E-01
    0.1879494998E-01
    0.1896409229E-01
    0.1916225006E-01
    0.1926632995E-01
    0.1963468025E-01
    0.1980382257E-01
    0.2010112133E-01
    0.2022467577E-01
    0.2052207587E-01
    0.2069124611E-01
    0.2108794933E-01
    0.2125712268E-01
    0.2152619352E-01
    0.2166279764E-01
    0.2203105003E-01
    0.2220025441E-01
    0.2249762742E-01
    0.2266674646E-01
    0.2303506641E-01
    0.2317168758E-01
    0.2353993654E-01
    0.2374162482E-01
    0.2403907559E-01
    0.2422124430E-01
    0.2458950003E-01
    0.2471308551E-01
    0.2503891279E-01
    0.2520807838E-01
    0.2557633411E-01
    0.2579105339E-01
    0.2623019178E-01
    0.2636682693E-01
    0.2666429459E-01
    0.2687901233E-01
    0.2727556689E-01
    0.2743170301E-01
    0.2787079749E-01
    0.2805297703E-01
    0.2837884151E-01
    0.2856104125E-01
    0.2902851566E-01
    0.2924326444E-01
    0.2961150329E-01
    0.2978069991E-01
    0.3024830944E-01
    0.3043047193E-01
    0.3072782136E-01
    0.3092949876E-01
    0.3139702720E-01
    0.3157927502E-01
    0.3204676298E-01
    0.3226151021E-01
    0.3265825057E-01
    0.3287294815E-01
    0.3329792996E-01
    0.3351266479E-01
    0.3398016963E-01
    0.3416234917E-01
    0.3453076027E-01
    0.3475858975E-01
    0.3522606416E-01
    0.3547333254E-01
    0.3596915310E-01
    0.3618387860E-01
    0.3665139349E-01
    0.3687921521E-01
    0.3741755545E-01
    0.3761923597E-01
    0.3804433601E-01
    0.3827211118E-01
    0.3876799930E-01
    0.3902828164E-01
    0.3956663527E-01
    0.3978138094E-01
    0.4027731973E-01
    0.4053767965E-01
    0.4110438963E-01
    0.4133213376E-01
    0.4175723380E-01
    0.4226470257E-01
    0.4256875982E-01
    0.4309170655E-01
    0.4339582725E-01
    0.4391875839E-01
    0.4422284284E-01
    0.4474583632E-01
    0.4506520868E-01
    0.4561435854E-01
    0.4591851549E-01
    0.4644150898E-01
    0.4670758287E-01
    0.4732208354E-01
    0.4764139964E-01
    0.4809908908E-01
    0.4841848862E-01
    0.4896763540E-01
    0.4932494034E-01
    0.4993944410E-01
    0.5027404632E-01
    0.5082319309E-01
    0.5118059046E-01
    0.5185725322E-01
    0.5312152870E-01
    0.5564379894E-01
    0.5684798046E-01
    0.5932780876E-01
    0.6051886460E-01
    0.6316882801E-01
    0.6437296920E-01
    0.6689526302E-01
    0.6809939023E-01
    0.7074927603E-01
    0.7192088521E-01
    0.7313805898E-01
    0.7823942344E-01
    0.7944361583E-01
    0.8188439913E-01
    0.8708503635E-01
    0.8955195935E-01
    0.9482342855E-01
    0.9725780401E-01
    0.1023876093E+00
    0.1048414578E+00
    0.1101696531E+00
    0.1126691344E+00
    0.1180398899E+00
    0.1205654286E+00
    0.1258228966E+00
    0.1283353857E+00
    0.1337344941E+00
    0.1362600111E+00
    0.1416165661E+00
    0.1441291289E+00
    0.1494573850E+00
    0.1519959090E+00
    0.1575227140E+00
    0.1600938980E+00
    0.1655213626E+00
    0.1680924474E+00
    0.1735483629E+00
    0.1761325268E+00
    0.1816876441E+00
    0.1844368430E+00
    0.1857264231E+00
    0.1891404303E+00
    0.1898058139E+00
    0.1932548290E+00
    0.1939104630E+00
    0.1973245407E+00
    0.1979866992E+00
    0.2014008434E+00
    0.2020890772E+00
    0.2055378825E+00
    0.2062000411E+00
    0.2096141625E+00
    0.2102926378E+00
    0.2138287496E+00
    0.2144909217E+00
    0.2179398247E+00
    0.2186182821E+00
    0.2220672972E+00
    0.2227294658E+00
    0.2241027037E+00
    0.2310877435E+00
    0.2324349108E+00
    0.2394198922E+00
    0.2407833701E+00
    0.2478032973E+00
    0.2491896293E+00
    0.2562095763E+00
    0.2575698139E+00
    0.2646246619E+00
    0.2660338290E+00
    0.2730886186E+00
    0.2744651540E+00
    0.2816420059E+00
    0.2830414067E+00
    0.2902181942E+00
    0.2916175871E+00
    0.2987944223E+00
    0.3001840385E+00
    0.3073435873E+00
    0.3147294115E+00
    0.3161545167E+00
    0.3240790143E+00
    0.3248137946E+00
    0.3327380697E+00
    0.3334761152E+00
    0.3414387268E+00
    0.3421849401E+00
    0.3503761628E+00
    0.3511223777E+00
    0.3525382503E+00
    0.3598197192E+00
    0.3612680981E+00
    0.3686716753E+00
    0.3701135269E+00
    0.3774647872E+00
    0.3789033923E+00
    0.3863418187E+00
    0.3877901952E+00
    0.3952636649E+00
    0.3967348976E+00
    0.4042081955E+00
    0.4056533364E+00
    0.4131615690E+00
    0.4146230323E+00
    0.4222183669E+00
    0.4236863496E+00
    0.4311074912E+00
    0.4325754984E+00
    0.4400838047E+00
    0.4408243244E+00
    0.4484372985E+00
    0.4491484587E+00
    0.4528589737E+00
    0.4536158128E+00
    0.4550924424E+00
    0.4582813381E+00
    0.4611457609E+00
    0.4672401932E+00
    0.4701632528E+00
    0.4763284925E+00
    0.4792190057E+00
    0.4854410914E+00
    0.4883315883E+00
    0.4944543406E+00
    0.4973903912E+00
    0.5037117226E+00
    0.5065827310E+00
    0.5128331967E+00
    0.5157954134E+00
    0.5219466114E+00
    0.5248632053E+00
    0.5312129336E+00
    0.5340969745E+00
    0.5403333664E+00
    0.5433085706E+00
    0.5494881891E+00
    0.5523852751E+00
    0.5586216974E+00
    0.5615774217E+00
    0.5679130947E+00
    0.5679130947E+00
    0.5710170060E+00
    0.5724883616E+00
    0.5756916420E+00
    0.5771629812E+00
    0.5803238078E+00
    0.5817756353E+00
    0.5848371689E+00
    0.5863085462E+00
    0.5894408999E+00
    0.5908927056E+00
    0.5940252064E+00
    0.5955095945E+00
    0.5986703620E+00
    0.6001352701E+00
    0.6032676881E+00
    0.6047195505E+00
    0.6078803872E+00
    0.6093972903E+00
    0.6124872208E+00
    0.6139391040E+00
    0.6170714713E+00
    0.6185232755E+00
    0.6216840987E+00
    0.6231489913E+00
    0.6262673828E+00
    0.6277517810E+00
    0.6309125637E+00
    0.6323904982E+00
    0.6355088018E+00
    0.6369606432E+00
    0.6401214631E+00
    0.6415863409E+00
    0.6446763390E+00
    0.6461412005E+00
    0.6492595397E+00
    0.6507570100E+00
    0.6539177589E+00
    0.6553956771E+00
    0.6585425550E+00
    0.6599748837E+00
    0.6630647398E+00
    0.6645296487E+00
    0.6676480385E+00
    0.6691129234E+00
    0.6723021688E+00
    0.6737931413E+00
    0.6769114331E+00
    0.6783437727E+00
    0.6814905644E+00
    0.6829685167E+00
    0.6860868559E+00
    0.6875191970E+00
    0.6906375006E+00
    0.6921284731E+00
    0.6952328973E+00
    0.6966782749E+00
    0.6997965278E+00
    0.7012419350E+00
    0.7043887267E+00
    0.7058797116E+00
    0.7089980895E+00
    0.7104434726E+00
    0.7135477836E+00
    0.7150062566E+00
    0.7181530433E+00
    0.7195984264E+00
    0.7225750406E+00
    0.7240204183E+00
    0.7271955696E+00
    0.7286670652E+00
    0.7317430013E+00
    0.7331883844E+00
    0.7363351879E+00
    0.7378066423E+00
    0.7409109364E+00
    0.7423368558E+00
    0.7454411396E+00
    0.7468539799E+00
    0.7499298534E+00
    0.7514013125E+00
    0.7544348505E+00
    0.7558607881E+00
    0.7589650880E+00
    0.7604365351E+00
    0.7635408300E+00
    0.7649667730E+00
    0.7680710442E+00
    0.7695099655E+00
    0.7725858897E+00
    0.7740442934E+00
    0.7771061869E+00
    0.7785582172E+00
    0.7814009792E+00
    0.7830286813E+00
    0.7859193261E+00
    0.7875622509E+00
    0.7931867544E+00
    0.7964953520E+00
    0.8022114035E+00
    0.8054820395E+00
    0.8111588659E+00
    0.8144295018E+00
    0.8200801933E+00
    0.8233280325E+00
    0.8249709845E+00
    0.8277963256E+00
    0.8294012274E+00
    0.8321873869E+00
    0.8338075747E+00
    0.8366328968E+00
    0.8382758091E+00
    0.8411273133E+00
    0.8426942296E+00
    0.8454150849E+00
    0.8470579972E+00
    0.8498833195E+00
    0.8515034711E+00
    0.8543550436E+00
    0.8559219982E+00
    0.8586165660E+00
    0.8602746919E+00
    0.8631524213E+00
    0.8647726092E+00
    0.8675587685E+00
    0.8691256596E+00
    0.8718202429E+00
    0.8734403855E+00
    0.8762527331E+00
    0.8778196334E+00
    0.8805404730E+00
    0.8821226050E+00
    0.8849088207E+00
    0.8865062319E+00
    0.8892923756E+00
    0.8908972808E+00
    0.8936442928E+00
    0.8951884505E+00
    0.8979745723E+00
    0.8995719237E+00
    0.9022535701E+00
    0.9038204883E+00
    0.9066066939E+00
    0.9082040813E+00
    0.9108594708E+00
    0.9124188295E+00
    0.9151658416E+00
    0.9167327420E+00
    0.9194797229E+00
    0.9210390816E+00
    0.9237861037E+00
    0.9253835093E+00
    0.9280389510E+00
    0.9295678042E+00
    0.9323147858E+00
    0.9339121918E+00
    0.9366200406E+00
    0.9381414069E+00
    0.9408230222E+00
    0.9424051901E+00
    0.9450606108E+00
    0.9465819462E+00
    0.9492635607E+00
    0.9507848908E+00
    0.9534927395E+00
    0.9550521345E+00
    0.9576684449E+00
    0.9592125847E+00
    0.9619333094E+00
    0.9634546448E+00
    0.9660971584E+00
    0.9676565362E+00
    0.9702727842E+00
    0.9717713590E+00
    0.9744792186E+00
    0.9752702720E+00
    0.9764998969E+00
    0.9766444518E+00
    0.9770761821E+00
    0.9772511632E+00
    0.9775258718E+00
    0.9777616368E+00
    0.9780363470E+00
    0.9781960909E+00
    0.9785624330E+00
    0.9787754427E+00
    0.9791155193E+00
    0.9792752632E+00
    0.9796153616E+00
    0.9797903727E+00
    0.9800912860E+00
    0.9802890586E+00
    0.9805638295E+00
    0.9807235916E+00
    0.9810636277E+00
    0.9814211459E+00
    0.9815439311E+00
    0.9816293522E+00
    0.9822588658E+00
    0.9824190750E+00
    0.9825311682E+00
    0.9832833686E+00
    0.9833687890E+00
    0.9836410406E+00
    0.9843472846E+00
    0.9845661866E+00
    0.9851189954E+00
    0.9853379026E+00
    0.9860135189E+00
    0.9862324642E+00
    0.9869387082E+00
    0.9871576064E+00
    0.9877104153E+00
    0.9879133549E+00
    0.9885736424E+00
    0.9887658773E+00
    0.9892420180E+00
    0.9894449366E+00
    0.9899978077E+00
    0.9901793500E+00
    0.9907630060E+00
    0.9909659583E+00
    0.9914728108E+00
    0.9916224104E+00
    0.9921752815E+00
    0.9923515361E+00
    0.9927817095E+00
    0.9929312576E+00
    0.9933614053E+00
    0.9935269934E+00
    0.9939571686E+00
    0.9941067510E+00
    0.9946136291E+00
    0.9947365304E+00
    0.9951666781E+00
    0.9952895890E+00
    0.9956430576E+00
    0.9957659589E+00
    0.9961194019E+00
    0.9962423121E+00
    0.9965957826E+00
    0.9968725465E+00
    0.9969954567E+00
    0.9972722206E+00
    0.9973684497E+00
    0.9976451880E+00
    0.9977414260E+00
    0.9980181642E+00
    0.9980877217E+00
    0.9983644875E+00
    0.9984607254E+00
    0.9986607846E+00
    0.9987303504E+00
    0.9988688855E+00
    0.9989384513E+00
    0.9991385123E+00
    0.9992080692E+00
    0.9993314218E+00
    0.9994009786E+00
    0.9995243075E+00
    0.9995672010E+00
    0.9996905335E+00
    0.9996960374E+00
    0.9997886436E+00
    0.9998315549E+00
    0.9999549094E+00
    0.9999871097E+00
    0.9999262698E+00
    0.9999424670E+00
    0.9999890910E+00
    0.9999679138E+00
    0.9999837787E+00
    0.1000000000E+01
    0.0000000000E+00
    0.4182896897E-03
    0.1137699663E-02
    0.1525556824E-02
    0.2192407617E-02
    0.2557476815E-02
    0.3224471103E-02
    0.3627505541E-02
    0.4281539717E-02
    0.4631398979E-02
    0.5324524659E-02
    0.5742843414E-02
    0.6396883770E-02
    0.6761952968E-02
    0.7455100481E-02
    0.7873388335E-02
    0.8148096933E-02
    0.8513129879E-02
    0.8892383708E-02
    0.9206302316E-02
    0.9586599576E-02
    0.9965868991E-02
    0.1024058699E-01
    0.1060570522E-01
    0.1091962383E-01
    0.1132510579E-01
    0.1175862530E-01
    0.1200710576E-01
    0.1241255655E-01
    0.1275483060E-01
    0.1302961713E-01
    0.1340888654E-01
    0.1360663108E-01
    0.1394667174E-01
    0.1412920274E-01
    0.1434225691E-01
    0.1465136793E-01
    0.1486623272E-01
    0.1520634414E-01
    0.1533009844E-01
    0.1567024707E-01
    0.1587206216E-01
    0.1624068878E-01
    0.1637746168E-01
    0.1667516838E-01
    0.1687697421E-01
    0.1731635840E-01
    0.1745310953E-01
    0.1775086348E-01
    0.1795271435E-01
    0.1832128688E-01
    0.1845806754E-01
    0.1882670763E-01
    0.1899598609E-01
    0.1936455185E-01
    0.1954688155E-01
    0.1991537960E-01
    0.2007165033E-01
    0.2036940100E-01
    0.2053870591E-01
    0.2090725136E-01
    0.2105701798E-01
    0.2145405146E-01
    0.2165592561E-01
    0.2202450826E-01
    0.2216122685E-01
    0.2243053331E-01
    0.2261291421E-01
    0.2293900083E-01
    0.2310826689E-01
    0.2354771194E-01
    0.2369750809E-01
    0.2402357783E-01
    0.2416031501E-01
    0.2452887735E-01
    0.2473071732E-01
    0.2502853555E-01
    0.2517833327E-01
    0.2553286739E-01
    0.2571519398E-01
    0.2615456128E-01
    0.2630438381E-01
    0.2660209728E-01
    0.2680393414E-01
    0.2720091019E-01
    0.2733766757E-01
    0.2763542166E-01
    0.2779825350E-01
    0.2812435701E-01
    0.2829365567E-01
    0.2869059794E-01
    0.2884040653E-01
    0.2913818756E-01
    0.2928797595E-01
    0.2961411324E-01
    0.2978338087E-01
    0.3018032313E-01
    0.3034321396E-01
    0.3066935126E-01
    0.3083864059E-01
    0.3123560993E-01
    0.3139844177E-01
    0.3172456218E-01
    0.3186133508E-01
    0.3218749603E-01
    0.3238287232E-01
    0.3275143466E-01
    0.3290122148E-01
    0.3318491015E-01
    0.3333473733E-01
    0.3363247781E-01
    0.3381478888E-01
    0.3424012796E-01
    0.3438993498E-01
    0.3471608589E-01
    0.3491147302E-01
    0.3526598682E-01
    0.3541577832E-01
    0.3571347832E-01
    0.3587633500E-01
    0.3623083191E-01
    0.3636758930E-01
    0.3669379758E-01
    0.3685662008E-01
    0.3721104274E-01
    0.3736086216E-01
    0.3768708063E-01
    0.3784990163E-01
    0.3820441544E-01
    0.3836728299E-01
    0.3869338650E-01
    0.3885623386E-01
    0.3921076127E-01
    0.3936054033E-01
    0.3961583888E-01
    0.3977868316E-01
    0.4020404932E-01
    0.4032131503E-01
    0.4057657980E-01
    0.4073944116E-01
    0.4109398875E-01
    0.4126984537E-01
    0.4159589821E-01
    0.4174571921E-01
    0.4212869412E-01
    0.4225900795E-01
    0.4251427272E-01
    0.4270964275E-01
    0.4299333142E-01
    0.4312362817E-01
    0.4347818937E-01
    0.4360849233E-01
    0.4396300956E-01
    0.4415839822E-01
    0.4441366299E-01
    0.4454395355E-01
    0.4485609990E-01
    0.4499944474E-01
    0.4532554826E-01
    0.4544279845E-01
    0.4575483654E-01
    0.4596331677E-01
    0.4634630857E-01
    0.4648964565E-01
    0.4681576606E-01
    0.4693300384E-01
    0.4724512653E-01
    0.4738846361E-01
    0.4767208458E-01
    0.4783493193E-01
    0.4811859351E-01
    0.4826195079E-01
    0.4850319754E-01
    0.4864654706E-01
    0.4900107448E-01
    0.4913136811E-01
    0.4944339274E-01
    0.4958675470E-01
    0.4987048385E-01
    0.5001381160E-01
    0.5032586331E-01
    0.5045618179E-01
    0.5076826385E-01
    0.5092464749E-01
    0.5120832939E-01
    0.5131910342E-01
    0.5163116860E-01
    0.5179402839E-01
    0.5200692222E-01
    0.5215026863E-01
    0.5246233381E-01
    0.5258621028E-01
    0.5292670947E-01
    0.5305701555E-01
    0.5334070422E-01
    0.5346456206E-01
    0.5370578842E-01
    0.5388166063E-01
    0.5422212262E-01
    0.5433293702E-01
    0.5454578694E-01
    0.5465657341E-01
    0.5492618989E-01
    0.5505006017E-01
    0.5536211858E-01
    0.5550547743E-01
    0.5577514808E-01
    0.5588593763E-01
    0.5616957890E-01
    0.5632596719E-01
    0.5659564453E-01
    0.5670646829E-01
    0.5697605098E-01
    0.5709990264E-01
    0.5734120348E-01
    0.5746504423E-01
    0.5763540483E-01
    0.5775924251E-01
    0.5802883198E-01
    0.5813964637E-01
    0.5845181304E-01
    0.5854314204E-01
    0.5881275852E-01
    0.5894962878E-01
    0.5914838619E-01
    0.5927224715E-01
    0.5954195827E-01
    0.5963328417E-01
    0.5993122990E-01
    0.6008761043E-01
    0.6025801842E-01
    0.6034932566E-01
    0.6054811016E-01
    0.6065244840E-01
    0.6095055634E-01
    0.6107443438E-01
    0.6127323920E-01
    0.6137760854E-01
    0.6160478309E-01
    0.6169607788E-01
    0.6186648588E-01
    0.6199804554E-01
    0.6211993165E-01
    0.6232956301E-01
    0.6245147455E-01
    0.6266109966E-01
    0.6278299667E-01
    0.6299264678E-01
    0.6307651150E-01
    0.6322077648E-01
    0.6334270254E-01
    0.6355235265E-01
    0.6365901253E-01
    0.6382947439E-01
    0.6391340073E-01
    0.6409687269E-01
    0.6418074831E-01
    0.6432497587E-01
    0.6442408854E-01
    0.6459458782E-01
    0.6464046012E-01
    0.6478468767E-01
    0.6488385844E-01
    0.6506687209E-01
    0.6534201727E-01
    0.6602418128E-01
    0.6631805290E-01
    0.6690098133E-01
    0.6722734918E-01
    0.6779627648E-01
    0.6809011393E-01
    0.6877236580E-01
    0.6906621565E-01
    0.6963499421E-01
    0.6991581771E-01
    0.7017712160E-01
    0.7139984309E-01
    0.7169371006E-01
    0.7229447648E-01
    0.7347471215E-01
    0.7401036030E-01
    0.7521900967E-01
    0.7574163765E-01
    0.7689345960E-01
    0.7746163351E-01
    0.7852857831E-01
    0.7907728699E-01
    0.8024351475E-01
    0.8072715322E-01
    0.8176576548E-01
    0.8228195767E-01
    0.8337730948E-01
    0.8386091223E-01
    0.8485696419E-01
    0.8537314091E-01
    0.8644012968E-01
    0.8689120662E-01
    0.8787326428E-01
    0.8833740649E-01
    0.8936192290E-01
    0.8982604330E-01
    0.9077968384E-01
    0.9121128935E-01
    0.9212247441E-01
    0.9264895978E-01
    0.9286558636E-01
    0.9342553873E-01
    0.9355977329E-01
    0.9403269546E-01
    0.9414411906E-01
    0.9470419609E-01
    0.9479928733E-01
    0.9535931873E-01
    0.9548380144E-01
    0.9595673591E-01
    0.9605182715E-01
    0.9661182530E-01
    0.9671345739E-01
    0.9722134182E-01
    0.9731643852E-01
    0.9778933984E-01
    0.9789098280E-01
    0.9836390497E-01
    0.9845900477E-01
    0.9866881598E-01
    0.9964953946E-01
    0.9982997009E-01
    0.1008108389E+00
    0.1009978034E+00
    0.1018914965E+00
    0.1020686882E+00
    0.1029623170E+00
    0.1031101366E+00
    0.1039167164E+00
    0.1040841321E+00
    0.1048908573E+00
    0.1050452146E+00
    0.1057996620E+00
    0.1059442465E+00
    0.1066986440E+00
    0.1068432118E+00
    0.1075977008E+00
    0.1077194466E+00
    0.1082647342E+00
    0.1090020083E+00
    0.1091292866E+00
    0.1097637664E+00
    0.1098214586E+00
    0.1104560336E+00
    0.1105055705E+00
    0.1110449712E+00
    0.1110977846E+00
    0.1116182855E+00
    0.1116710950E+00
    0.1117742893E+00
    0.1122674470E+00
    0.1123370253E+00
    0.1127781044E+00
    0.1128640049E+00
    0.1131830604E+00
    0.1132298090E+00
    0.1135837462E+00
    0.1136533302E+00
    0.1139202634E+00
    0.1139800823E+00
    0.1142470309E+00
    0.1142774742E+00
    0.1144572669E+00
    0.1144942443E+00
    0.1147088809E+00
    0.1147295554E+00
    0.1148744846E+00
    0.1148951373E+00
    0.1150749717E+00
    0.1150690051E+00
    0.1149875098E+00
    0.1150076088E+00
    0.1150801112E+00
    0.1150806844E+00
    0.1150674742E+00
    0.1151124131E+00
    0.1151275295E+00
    0.1151036712E+00
    0.1150668044E+00
    0.1150714088E+00
    0.1150215133E+00
    0.1148844807E+00
    0.1148345472E+00
    0.1147398585E+00
    0.1146704325E+00
    0.1144909327E+00
    0.1143954020E+00
    0.1141874259E+00
    0.1140529507E+00
    0.1138874724E+00
    0.1137724484E+00
    0.1135221099E+00
    0.1133940681E+00
    0.1130160651E+00
    0.1128490338E+00
    0.1126126575E+00
    0.1124520737E+00
    0.1120739946E+00
    0.1118613561E+00
    0.1114409686E+00
    0.1114409686E+00
    0.1112873568E+00
    0.1111972969E+00
    0.1110012281E+00
    0.1109112202E+00
    0.1106159699E+00
    0.1104803330E+00
    0.1102274722E+00
    0.1101374481E+00
    0.1099130550E+00
    0.1097774049E+00
    0.1095529630E+00
    0.1094303921E+00
    0.1091351180E+00
    0.1089669399E+00
    0.1087425334E+00
    0.1086068880E+00
    0.1083116123E+00
    0.1082020755E+00
    0.1078783759E+00
    0.1077427570E+00
    0.1075183301E+00
    0.1073826839E+00
    0.1070874420E+00
    0.1069193027E+00
    0.1065247509E+00
    0.1064021660E+00
    0.1061068785E+00
    0.1059061823E+00
    0.1055117031E+00
    0.1053760538E+00
    0.1050807714E+00
    0.1049125789E+00
    0.1045889064E+00
    0.1044207546E+00
    0.1040261867E+00
    0.1038710594E+00
    0.1035758563E+00
    0.1033751558E+00
    0.1029097375E+00
    0.1027285287E+00
    0.1024048679E+00
    0.1022366878E+00
    0.1018421403E+00
    0.1016739978E+00
    0.1013078538E+00
    0.1010745880E+00
    0.1006801383E+00
    0.1004989024E+00
    0.1000335524E+00
    0.9983283410E-01
    0.9943826622E-01
    0.9925709389E-01
    0.9886261469E-01
    0.9862934887E-01
    0.9806472451E-01
    0.9785096392E-01
    0.9745646440E-01
    0.9724269762E-01
    0.9677734763E-01
    0.9654411830E-01
    0.9614960029E-01
    0.9593582612E-01
    0.9537119069E-01
    0.9512494199E-01
    0.9465955568E-01
    0.9444578150E-01
    0.9399453822E-01
    0.9378077762E-01
    0.9324453480E-01
    0.9296571024E-01
    0.9247195666E-01
    0.9225818249E-01
    0.9179280295E-01
    0.9151399116E-01
    0.9094934897E-01
    0.9069000559E-01
    0.9012538873E-01
    0.8989858275E-01
    0.8940483842E-01
    0.8912601500E-01
    0.8853311206E-01
    0.8827379062E-01
    0.8770918264E-01
    0.8743032177E-01
    0.8686567746E-01
    0.8660634244E-01
    0.8604175725E-01
    0.8574988942E-01
    0.8525616540E-01
    0.8500984273E-01
    0.8434591051E-01
    0.8402149812E-01
    0.8348739000E-01
    0.8316921945E-01
    0.8258293711E-01
    0.8222671338E-01
    0.8106691561E-01
    0.8040777927E-01
    0.7920887182E-01
    0.7853448117E-01
    0.7724397822E-01
    0.7656958757E-01
    0.7534441618E-01
    0.7461673103E-01
    0.7426051820E-01
    0.7364805674E-01
    0.7327662704E-01
    0.7257246147E-01
    0.7216300402E-01
    0.7155040944E-01
    0.7119421701E-01
    0.7051630864E-01
    0.7012957908E-01
    0.6939923560E-01
    0.6904304313E-01
    0.6843044828E-01
    0.6802097613E-01
    0.6734303271E-01
    0.6695639153E-01
    0.6629144449E-01
    0.6589719497E-01
    0.6515386517E-01
    0.6474440744E-01
    0.6404024235E-01
    0.6365357581E-01
    0.6298863526E-01
    0.6257915937E-01
    0.6180961970E-01
    0.6142295650E-01
    0.6069260702E-01
    0.6026789429E-01
    0.5956381402E-01
    0.5910114311E-01
    0.5839697178E-01
    0.5802550729E-01
    0.5722977795E-01
    0.5678984262E-01
    0.5608572584E-01
    0.5562299415E-01
    0.5480105972E-01
    0.5441440436E-01
    0.5371025899E-01
    0.5324754240E-01
    0.5249101836E-01
    0.5201305738E-01
    0.5121732803E-01
    0.5083066427E-01
    0.5003492244E-01
    0.4955696145E-01
    0.4876129721E-01
    0.4829858788E-01
    0.4754202374E-01
    0.4714010945E-01
    0.4634436567E-01
    0.4588165521E-01
    0.4499435633E-01
    0.4450116549E-01
    0.4367921856E-01
    0.4325452093E-01
    0.4249800939E-01
    0.4200484300E-01
    0.4118289802E-01
    0.4068969264E-01
    0.3980239377E-01
    0.3932444732E-01
    0.3847632419E-01
    0.3803638103E-01
    0.3730604764E-01
    0.3681288125E-01
    0.3589939173E-01
    0.3542143575E-01
    0.3457328763E-01
    0.3402684184E-01
    0.3313960611E-01
    0.3292728118E-01
    0.3250967468E-01
    0.3247934776E-01
    0.3234886443E-01
    0.3224253132E-01
    0.3212504156E-01
    0.3208719325E-01
    0.3196969960E-01
    0.3190137704E-01
    0.3174474512E-01
    0.3165365640E-01
    0.3156236589E-01
    0.3149404333E-01
    0.3140269826E-01
    0.3129634296E-01
    0.3111348292E-01
    0.3106040475E-01
    0.3094293998E-01
    0.3087462469E-01
    0.3078325463E-01
    0.3062643074E-01
    0.3055181620E-01
    0.3049318189E-01
    0.3003327638E-01
    0.2994267972E-01
    0.2989473740E-01
    0.2957296917E-01
    0.2951433646E-01
    0.2937577708E-01
    0.2894655585E-01
    0.2878666213E-01
    0.2829600833E-01
    0.2813606500E-01
    0.2778367115E-01
    0.2762374311E-01
    0.2719452188E-01
    0.2703460080E-01
    0.2654394700E-01
    0.2634664457E-01
    0.2580997032E-01
    0.2563933501E-01
    0.2511794758E-01
    0.2492066072E-01
    0.2442995757E-01
    0.2428599607E-01
    0.2371860286E-01
    0.2352130553E-01
    0.2292319871E-01
    0.2270453809E-01
    0.2221383494E-01
    0.2200583543E-01
    0.2137691632E-01
    0.2115823689E-01
    0.2052938179E-01
    0.2034806470E-01
    0.1971914101E-01
    0.1950044953E-01
    0.1890227870E-01
    0.1867291750E-01
    0.1804406239E-01
    0.1781467734E-01
    0.1715500994E-01
    0.1692564873E-01
    0.1626604534E-01
    0.1603666188E-01
    0.1537698990E-01
    0.1468657421E-01
    0.1445719075E-01
    0.1376677506E-01
    0.1352672188E-01
    0.1283637020E-01
    0.1259629476E-01
    0.1190594308E-01
    0.1165519633E-01
    0.1096477607E-01
    0.1072470063E-01
    0.1000353665E-01
    0.9752769232E-02
    0.9185083288E-02
    0.8934315874E-02
    0.8213147320E-02
    0.7962402164E-02
    0.7210494467E-02
    0.6959749311E-02
    0.6207901053E-02
    0.5946441662E-02
    0.5194584260E-02
    0.4949094916E-02
    0.4273887373E-02
    0.4012457258E-02
    0.3260544988E-02
    0.3025760999E-02
    0.2289042217E-02
    0.2016877471E-02
    0.1234280925E-02
    0.9781218627E-03
    0.2721513686E-03
    0.4946341954E-16
         693
    0.0000000000E+00
    0.1366627972E-04
    0.4433949985E-04
    0.1859933563E-04
    0.4167280894E-04
    0.8152348525E-04
    0.6662992121E-04
    0.1715726954E-03
    0.1946607010E-03
    0.1691013848E-03
    0.2302216659E-03
    0.3353233873E-03
    0.3964327692E-03
    0.4361868413E-03
    0.4060906077E-03
    0.5111455718E-03
    0.5722024113E-03
    0.6119284018E-03
    0.6730813024E-03
    0.7782766055E-03
    0.8013772679E-03
    0.9064228940E-03
    0.1005553731E-02
    0.1110708457E-02
    0.1171812448E-02
    0.1276886156E-02
    0.1376055081E-02
    0.1481191064E-02
    0.1542251537E-02
    0.1712660533E-02
    0.1827057481E-02
    0.2023778582E-02
    0.2084869877E-02
    0.2255275649E-02
    0.2354437308E-02
    0.2524942908E-02
    0.2624039290E-02
    0.2794507404E-02
    0.2893701683E-02
    0.3025037783E-02
    0.3162175542E-02
    0.3332649904E-02
    0.3431739097E-02
    0.3667573604E-02
    0.3819937590E-02
    0.4055765849E-02
    0.4192921774E-02
    0.4389561924E-02
    0.4526703316E-02
    0.4762537823E-02
    0.4899690115E-02
    0.5135530869E-02
    0.5272672262E-02
    0.5600169883E-02
    0.5752548401E-02
    0.5988376660E-02
    0.6163599315E-02
    0.6399446318E-02
    0.6536589527E-02
    0.6864018558E-02
    0.7039096165E-02
    0.7405650962E-02
    0.7596079940E-02
    0.7831945686E-02
    0.7969088895E-02
    0.8296502306E-02
    0.8547698961E-02
    0.8914325472E-02
    0.9089435718E-02
    0.9390602390E-02
    0.9565817780E-02
    0.9893340291E-02
    0.1013695167E-01
    0.1050350345E-01
    0.1067863367E-01
    0.1104524460E-01
    0.1125846510E-01
    0.1162498251E-01
    0.1187617190E-01
    0.1226904528E-01
    0.1246535566E-01
    0.1267847646E-01
    0.1284865854E-01
    0.1304511547E-01
    0.1327358580E-01
    0.1350908439E-01
    0.1370552574E-01
    0.1391866832E-01
    0.1411507540E-01
    0.1437678025E-01
    0.1462792067E-01
    0.1479814638E-01
    0.1493518670E-01
    0.1513164363E-01
    0.1524580538E-01
    0.1541592511E-01
    0.1551491321E-01
    0.1584205617E-01
    0.1599429192E-01
    0.1616439915E-01
    0.1630134158E-01
    0.1656329587E-01
    0.1667756276E-01
    0.1684764510E-01
    0.1698457301E-01
    0.1718098312E-01
    0.1729515938E-01
    0.1759610857E-01
    0.1773311625E-01
    0.1802111776E-01
    0.1813532665E-01
    0.1833173061E-01
    0.1850671260E-01
    0.1874215197E-01
    0.1889436052E-01
    0.1909085484E-01
    0.1918989005E-01
    0.1949077690E-01
    0.1964295100E-01
    0.1990469011E-01
    0.2007965401E-01
    0.2031523371E-01
    0.2046750571E-01
    0.2066400002E-01
    0.2076293189E-01
    0.2099843048E-01
    0.2115064448E-01
    0.2147772510E-01
    0.2161466934E-01
    0.2185032691E-01
    0.2204061491E-01
    0.2230232913E-01
    0.2243926610E-01
    0.2267484883E-01
    0.2281186562E-01
    0.2311287406E-01
    0.2326508806E-01
    0.2352678670E-01
    0.2370173423E-01
    0.2393733255E-01
    0.2408964624E-01
    0.2435136047E-01
    0.2447302406E-01
    0.2481308968E-01
    0.2500331424E-01
    0.2526518432E-01
    0.2544017902E-01
    0.2567570260E-01
    0.2582790934E-01
    0.2615496187E-01
    0.2629193875E-01
    0.2659292533E-01
    0.2682119669E-01
    0.2708295767E-01
    0.2721999254E-01
    0.2745549426E-01
    0.2759240043E-01
    0.2798501266E-01
    0.2816004362E-01
    0.2839565443E-01
    0.2858593516E-01
    0.2888678456E-01
    0.2906170855E-01
    0.2936258603E-01
    0.2951480909E-01
    0.2984199881E-01
    0.3003976870E-01
    0.3034078016E-01
    0.3053097753E-01
    0.3085812990E-01
    0.3099517567E-01
    0.3126976267E-01
    0.3149799233E-01
    0.3182517268E-01
    0.3198491572E-01
    0.3235120635E-01
    0.3252616114E-01
    0.3278798446E-01
    0.3301625583E-01
    0.3329095506E-01
    0.3341273106E-01
    0.3377915266E-01
    0.3396940985E-01
    0.3429641876E-01
    0.3450941130E-01
    0.3478413548E-01
    0.3495913198E-01
    0.3535161637E-01
    0.3556460709E-01
    0.3586556559E-01
    0.3602531590E-01
    0.3645704775E-01
    0.3668524296E-01
    0.3698615470E-01
    0.3719916541E-01
    0.3752625852E-01
    0.3770127676E-01
    0.3804141409E-01
    0.3825440481E-01
    0.3862068294E-01
    0.3883373892E-01
    0.3920001081E-01
    0.3937492753E-01
    0.3967593285E-01
    0.3988896164E-01
    0.4032065914E-01
    0.4053367529E-01
    0.4083459016E-01
    0.4103233465E-01
    0.4139858789E-01
    0.4161159315E-01
    0.4197787440E-01
    0.4215289082E-01
    0.4249297831E-01
    0.4274400859E-01
    0.4320197157E-01
    0.4341498407E-01
    0.4368970517E-01
    0.4390269771E-01
    0.4433434223E-01
    0.4453210854E-01
    0.4489842104E-01
    0.4514945857E-01
    0.4558112180E-01
    0.4579411434E-01
    0.4613418933E-01
    0.4636998974E-01
    0.4680174648E-01
    0.4701473902E-01
    0.4738100778E-01
    0.4761675201E-01
    0.4802223085E-01
    0.4823525783E-01
    0.4860153596E-01
    0.4885255722E-01
    0.4928434520E-01
    0.4948214408E-01
    0.4982220342E-01
    0.5007319204E-01
    0.5057011884E-01
    0.5076787244E-01
    0.5110811888E-01
    0.5138192984E-01
    0.5181353701E-01
    0.5202656580E-01
    0.5243204464E-01
    0.5270579942E-01
    0.5311120957E-01
    0.5334704261E-01
    0.5377878384E-01
    0.5402975975E-01
    0.5443517927E-01
    0.5467099239E-01
    0.5514188750E-01
    0.5537768972E-01
    0.5580933424E-01
    0.5609830983E-01
    0.5656917994E-01
    0.5676694987E-01
    0.5710703736E-01
    0.5736561119E-01
    0.5783645955E-01
    0.5812550039E-01
    0.5859628630E-01
    0.5883203598E-01
    0.5923755220E-01
    0.5952665828E-01
    0.6008903559E-01
    0.6030953543E-01
    0.6068890148E-01
    0.6096269072E-01
    0.6143341126E-01
    0.6172996847E-01
    0.6222704173E-01
    0.6247810645E-01
    0.6292272358E-01
    0.6318124124E-01
    0.6365210199E-01
    0.6396388180E-01
    0.6443476442E-01
    0.6467057209E-01
    0.6514140173E-01
    0.6545320878E-01
    0.6596324527E-01
    0.6622181186E-01
    0.6669269135E-01
    0.6700449113E-01
    0.6754066214E-01
    0.6781442595E-01
    0.6825905246E-01
    0.6855564956E-01
    0.6906568294E-01
    0.6936224014E-01
    0.6989841743E-01
    0.7017222115E-01
    0.7068220776E-01
    0.7097879215E-01
    0.7142339679E-01
    0.7171998118E-01
    0.7223001455E-01
    0.7252659895E-01
    0.7312828919E-01
    0.7347810860E-01
    0.7398803287E-01
    0.7424657046E-01
    0.7475658824E-01
    0.7507596054E-01
    0.7565142265E-01
    0.7594794360E-01
    0.7645785850E-01
    0.7680767065E-01
    0.7738301119E-01
    0.7770241619E-01
    0.7827790016E-01
    0.7861246247E-01
    0.7916159675E-01
    0.7944290777E-01
    0.8005742403E-01
    0.8041479241E-01
    0.8101633297E-01
    0.8133566360E-01
    0.8181949384E-01
    0.8220733646E-01
    0.8282191198E-01
    0.8314123355E-01
    0.8375578719E-01
    0.8411313565E-01
    0.8472770804E-01
    0.8754855569E-01
    0.9246486035E-01
    0.9532380017E-01
    0.1002663672E+00
    0.1031251892E+00
    0.1080416092E+00
    0.1109157245E+00
    0.1159625146E+00
    0.1184878737E+00
    0.1239718557E+00
    0.1265103266E+00
    0.1318950731E+00
    0.1344334865E+00
    0.1399598834E+00
    0.1425634307E+00
    0.1480474365E+00
    0.1535739348E+00
    0.1561709997E+00
    0.1617826142E+00
    0.1643991832E+00
    0.1699540580E+00
    0.1725837030E+00
    0.1783084935E+00
    0.1809836782E+00
    0.1866662091E+00
    0.1892958619E+00
    0.1949783202E+00
    0.1976729811E+00
    0.2034971338E+00
    0.2062179064E+00
    0.2120280612E+00
    0.2147163112E+00
    0.2204980236E+00
    0.2232318816E+00
    0.2291553188E+00
    0.2318891178E+00
    0.2377276037E+00
    0.2404809455E+00
    0.2464611290E+00
    0.2492731030E+00
    0.2552957961E+00
    0.2581207793E+00
    0.2640585007E+00
    0.2668379403E+00
    0.2729174169E+00
    0.2757554599E+00
    0.2819341619E+00
    0.2847786291E+00
    0.2907872229E+00
    0.2936252721E+00
    0.2998323617E+00
    0.3027615850E+00
    0.3089686915E+00
    0.3118523041E+00
    0.3180593657E+00
    0.3209430121E+00
    0.3270792959E+00
    0.3299788728E+00
    0.3377651796E+00
    0.3392787148E+00
    0.3470651244E+00
    0.3485558155E+00
    0.3563421638E+00
    0.3578719915E+00
    0.3617912075E+00
    0.3625414814E+00
    0.3629317247E+00
    0.3671986538E+00
    0.3675970474E+00
    0.3719210630E+00
    0.3723113094E+00
    0.3765401068E+00
    0.3769352301E+00
    0.3813544587E+00
    0.3817561333E+00
    0.3860230703E+00
    0.3946711014E+00
    0.3954678994E+00
    0.4041922350E+00
    0.4049841497E+00
    0.4137084368E+00
    0.4145199521E+00
    0.4232824101E+00
    0.4240681484E+00
    0.4244999679E+00
    0.4336359693E+00
    0.4340694350E+00
    0.4433444884E+00
    0.4435620438E+00
    0.4527378403E+00
    0.4529570407E+00
    0.4533880506E+00
    0.4627623978E+00
    0.4632016135E+00
    0.4724171044E+00
    0.4732619323E+00
    0.4821960106E+00
    0.4912064550E+00
    0.4920310508E+00
    0.5010414793E+00
    0.5018611903E+00
    0.5107763875E+00
    0.5116156843E+00
    0.5124354026E+00
    0.5214458311E+00
    0.5230758775E+00
    0.5313854417E+00
    0.5397472151E+00
    0.5413522026E+00
    0.5496617749E+00
    0.5512798167E+00
    0.5596242507E+00
    0.5612357745E+00
    0.5695453760E+00
    0.5711699594E+00
    0.5794623274E+00
    0.5810706051E+00
    0.5894848483E+00
    0.5911028982E+00
    0.5994474038E+00
    0.6010622340E+00
    0.6018810579E+00
    0.6060447812E+00
    0.6068473109E+00
    0.6110108608E+00
    0.6118296956E+00
    0.6161153667E+00
    0.6169341790E+00
    0.6211848283E+00
    0.6219873798E+00
    0.6260640027E+00
    0.6277011929E+00
    0.6311877548E+00
    0.6379624890E+00
    0.6411329648E+00
    0.6479644782E+00
    0.6511349435E+00
    0.6579666175E+00
    0.6611501409E+00
    0.6679107716E+00
    0.6711267876E+00
    0.6779867491E+00
    0.6811377616E+00
    0.6879269313E+00
    0.6911234511E+00
    0.6979692941E+00
    0.7011594189E+00
    0.7078352680E+00
    0.7109667208E+00
    0.7125617948E+00
    0.7160059976E+00
    0.7175879921E+00
    0.7209612822E+00
    0.7225237948E+00
    0.7258971863E+00
    0.7275052807E+00
    0.7308785941E+00
    0.7324280737E+00
    0.7357589493E+00
    0.7373540001E+00
    0.7408265326E+00
    0.7423890248E+00
    0.7457199241E+00
    0.7473149516E+00
    0.7506174769E+00
    0.7521735724E+00
    0.7555753336E+00
    0.7571378230E+00
    0.7605394697E+00
    0.7621345547E+00
    0.7655647807E+00
    0.7688672156E+00
    0.7704202960E+00
    0.7739720775E+00
    0.7802107972E+00
    0.7838006256E+00
    0.7900001391E+00
    0.7935899312E+00
    0.7997633250E+00
    0.8033151066E+00
    0.8094493371E+00
    0.8129783548E+00
    0.8192041549E+00
    0.8227711880E+00
    0.8289052954E+00
    0.8324495534E+00
    0.8386099871E+00
    0.8421389924E+00
    0.8481686793E+00
    0.8516749539E+00
    0.8577961153E+00
    0.8612643766E+00
    0.8672940790E+00
    0.8707775040E+00
    0.8768333473E+00
    0.8802863225E+00
    0.8862767978E+00
    0.8897222485E+00
    0.8956734998E+00
    0.8991722480E+00
    0.9050974053E+00
    0.9084668358E+00
    0.9144181494E+00
    0.9178255542E+00
    0.9237768678E+00
    0.9271615345E+00
    0.9329821388E+00
    0.9363668436E+00
    0.9422789924E+00
    0.9456636229E+00
    0.9514842053E+00
    0.9531498949E+00
    0.9545548439E+00
    0.9560132635E+00
    0.9567424725E+00
    0.9581883960E+00
    0.9585725765E+00
    0.9593805670E+00
    0.9597090060E+00
    0.9599295331E+00
    0.9601425800E+00
    0.9605742868E+00
    0.9607568214E+00
    0.9610707152E+00
    0.9612684815E+00
    0.9616739260E+00
    0.9618944548E+00
    0.9622345298E+00
    0.9624322834E+00
    0.9628115840E+00
    0.9630321110E+00
    0.9633460483E+00
    0.9635285666E+00
    0.9639078049E+00
    0.9641283682E+00
    0.9644684962E+00
    0.9646662988E+00
    0.9650455401E+00
    0.9653040777E+00
    0.9656179496E+00
    0.9657852307E+00
    0.9661645313E+00
    0.9663850583E+00
    0.9667381558E+00
    0.9669359456E+00
    0.9673413901E+00
    0.9675467163E+00
    0.9678606100E+00
    0.9680431392E+00
    0.9683961743E+00
    0.9686014660E+00
    0.9688891347E+00
    0.9690944428E+00
    0.9694736810E+00
    0.9696942080E+00
    0.9700735117E+00
    0.9702560645E+00
    0.9706091619E+00
    0.9708144881E+00
    0.9711021568E+00
    0.9712694361E+00
    0.9716224712E+00
    0.9718657735E+00
    0.9722188398E+00
    0.9724241297E+00
    0.9727771960E+00
    0.9729292744E+00
    0.9732169743E+00
    0.9734222280E+00
    0.9737752943E+00
    0.9739806204E+00
    0.9743074835E+00
    0.9744975363E+00
    0.9748767996E+00
    0.9750441279E+00
    0.9753317966E+00
    0.9755218494E+00
    0.9758487437E+00
    0.9760312601E+00
    0.9764235208E+00
    0.9766516023E+00
    0.9769392710E+00
    0.9776353593E+00
    0.9777687204E+00
    0.9778754093E+00
    0.9785965001E+00
    0.9788632478E+00
    0.9795996199E+00
    0.9798396953E+00
    0.9805300379E+00
    0.9807967728E+00
    0.9814871885E+00
    0.9817165720E+00
    0.9824529441E+00
    0.9826930195E+00
    0.9833526504E+00
    0.9835872865E+00
    0.9842162531E+00
    0.9844456365E+00
    0.9851052271E+00
    0.9853238932E+00
    0.9859220640E+00
    0.9861514474E+00
    0.9867802934E+00
    0.9869882675E+00
    0.9875864346E+00
    0.9877944583E+00
    0.9883925560E+00
    0.9885845498E+00
    0.9891059902E+00
    0.9893139681E+00
    0.9899121353E+00
    0.9901094670E+00
    0.9906001482E+00
    0.9907814501E+00
    0.9913488433E+00
    0.9915087599E+00
    0.9919687294E+00
    0.9921393304E+00
    0.9926299714E+00
    0.9928112974E+00
    0.9931944633E+00
    0.9933437134E+00
    0.9937576497E+00
    0.9938908864E+00
    0.9943509291E+00
    0.9945215504E+00
    0.9949814175E+00
    0.9951040004E+00
    0.9954564767E+00
    0.9956164060E+00
    0.9959229295E+00
    0.9960455074E+00
    0.9963979945E+00
    0.9965045591E+00
    0.9968262871E+00
    0.9969488649E+00
    0.9973321004E+00
    0.9974172797E+00
    0.9975855653E+00
    0.9976921642E+00
    0.9980139031E+00
    0.9980990659E+00
    0.9983440525E+00
    0.9984292573E+00
    0.9986282619E+00
    0.9986867944E+00
    0.9988550763E+00
    0.9989295726E+00
    0.9990670806E+00
    0.9991629645E+00
    0.9993313928E+00
    0.9993525446E+00
    0.9994900526E+00
    0.9995485940E+00
    0.9996861057E+00
    0.9997072613E+00
    0.9997550891E+00
    0.9997699616E+00
    0.9997911058E+00
    0.9999286760E+00
    0.9999338476E+00
    0.9999179461E+00
    0.9999390979E+00
    0.1000000000E+01
    0.0000000000E+00
   -0.6015747559E-03
   -0.8981301226E-03
   -0.1591299537E-02
   -0.1979138572E-02
   -0.2646032964E-02
   -0.3049112717E-02
   -0.3689932015E-02
   -0.4077807302E-02
   -0.4770976581E-02
   -0.5143563959E-02
   -0.5784283359E-02
   -0.6156843547E-02
   -0.6823812845E-02
   -0.7188889270E-02
   -0.7829627414E-02
   -0.8202240223E-02
   -0.8869184596E-02
   -0.9241748378E-02
   -0.9882520716E-02
   -0.1027034885E-01
   -0.1091110883E-01
   -0.1126845908E-01
   -0.1190917532E-01
   -0.1228180079E-01
   -0.1292258569E-01
   -0.1327995223E-01
   -0.1392062172E-01
   -0.1429324359E-01
   -0.1490792827E-01
   -0.1530325642E-01
   -0.1598308291E-01
   -0.1635570295E-01
   -0.1697024420E-01
   -0.1732759261E-01
   -0.1794220239E-01
   -0.1829954541E-01
   -0.1891406167E-01
   -0.1927138650E-01
   -0.1997755022E-01
   -0.2031965428E-01
   -0.2093418613E-01
   -0.2129161619E-01
   -0.2187992931E-01
   -0.2226001674E-01
   -0.2284831428E-01
   -0.2319046365E-01
   -0.2387044923E-01
   -0.2421256235E-01
   -0.2480087548E-01
   -0.2514301579E-01
   -0.2573134450E-01
   -0.2607345762E-01
   -0.2670098694E-01
   -0.2708111062E-01
   -0.2766940815E-01
   -0.2799627685E-01
   -0.2858462114E-01
   -0.2892673880E-01
   -0.2955427752E-01
   -0.2988115176E-01
   -0.3041702743E-01
   -0.3078193481E-01
   -0.3137032586E-01
   -0.3171244352E-01
   -0.3233994327E-01
   -0.3263637764E-01
   -0.3317225170E-01
   -0.3349912864E-01
   -0.3406133374E-01
   -0.3438818431E-01
   -0.3501564033E-01
   -0.3540331575E-01
   -0.3593931926E-01
   -0.3626624605E-01
   -0.3680212635E-01
   -0.3711372621E-01
   -0.3764964400E-01
   -0.3794606024E-01
   -0.3854740979E-01
   -0.3884804023E-01
   -0.3915968004E-01
   -0.3939495027E-01
   -0.3969558527E-01
   -0.4004522740E-01
   -0.4025430543E-01
   -0.4055494668E-01
   -0.4086661459E-01
   -0.4116730575E-01
   -0.4144175797E-01
   -0.4173815703E-01
   -0.4197340072E-01
   -0.4209496138E-01
   -0.4239559639E-01
   -0.4257043110E-01
   -0.4280572632E-01
   -0.4294257763E-01
   -0.4319082510E-01
   -0.4335039726E-01
   -0.4358566130E-01
   -0.4370724017E-01
   -0.4398168285E-01
   -0.4415649120E-01
   -0.4439182854E-01
   -0.4451339745E-01
   -0.4481396077E-01
   -0.4498880545E-01
   -0.4517170990E-01
   -0.4529326788E-01
   -0.4563304900E-01
   -0.4580789638E-01
   -0.4610857975E-01
   -0.4621491513E-01
   -0.4642402595E-01
   -0.4658360901E-01
   -0.4688420189E-01
   -0.4702101328E-01
   -0.4720394272E-01
   -0.4736351855E-01
   -0.4763792086E-01
   -0.4774431608E-01
   -0.4795346110E-01
   -0.4811301873E-01
   -0.4841361161E-01
   -0.4855042760E-01
   -0.4875950564E-01
   -0.4891910229E-01
   -0.4916737475E-01
   -0.4928895816E-01
   -0.4949798151E-01
   -0.4964231560E-01
   -0.4991679120E-01
   -0.5003835648E-01
   -0.5024737365E-01
   -0.5036898057E-01
   -0.5055189745E-01
   -0.5071149410E-01
   -0.5098597595E-01
   -0.5109230410E-01
   -0.5130131502E-01
   -0.5146087171E-01
   -0.5173534731E-01
   -0.5181891657E-01
   -0.5191017981E-01
   -0.5205453934E-01
   -0.5232895246E-01
   -0.5243531956E-01
   -0.5264445993E-01
   -0.5280403846E-01
   -0.5305228600E-01
   -0.5317387209E-01
   -0.5335673443E-01
   -0.5348584230E-01
   -0.5376029915E-01
   -0.5388184623E-01
   -0.5409093205E-01
   -0.5421252546E-01
   -0.5443455568E-01
   -0.5454090824E-01
   -0.5474995034E-01
   -0.5489426631E-01
   -0.5507714745E-01
   -0.5518352186E-01
   -0.5536642792E-01
   -0.5552602094E-01
   -0.5577424967E-01
   -0.5582729475E-01
   -0.5601008378E-01
   -0.5615445421E-01
   -0.5640277027E-01
   -0.5652434453E-01
   -0.5664184685E-01
   -0.5677095566E-01
   -0.5701916101E-01
   -0.5708748130E-01
   -0.5724416548E-01
   -0.5735051176E-01
   -0.5762494363E-01
   -0.5775405150E-01
   -0.5787151788E-01
   -0.5795507889E-01
   -0.5811177389E-01
   -0.5825613611E-01
   -0.5850441018E-01
   -0.5859550843E-01
   -0.5871299195E-01
   -0.5881933729E-01
   -0.5904136448E-01
   -0.5913245820E-01
   -0.5931529561E-01
   -0.5938363403E-01
   -0.5951412125E-01
   -0.5964322284E-01
   -0.5982607899E-01
   -0.5991722256E-01
   -0.6016552619E-01
   -0.6027184703E-01
   -0.6036310866E-01
   -0.6045420238E-01
   -0.6061085539E-01
   -0.6070192822E-01
   -0.6085856564E-01
   -0.6096492192E-01
   -0.6114783101E-01
   -0.6123891473E-01
   -0.6136931623E-01
   -0.6146047340E-01
   -0.6164333734E-01
   -0.6169637156E-01
   -0.6185309786E-01
   -0.6194422784E-01
   -0.6210088864E-01
   -0.6220720496E-01
   -0.6229852275E-01
   -0.6237437298E-01
   -0.6257011588E-01
   -0.6266123769E-01
   -0.6277875862E-01
   -0.6286985687E-01
   -0.6300030674E-01
   -0.6305342163E-01
   -0.6321016036E-01
   -0.6328600243E-01
   -0.6341645385E-01
   -0.6350755210E-01
   -0.6359883872E-01
   -0.6363667023E-01
   -0.6376708416E-01
   -0.6385818241E-01
   -0.6401481204E-01
   -0.6405268711E-01
   -0.6411781889E-01
   -0.6420889808E-01
   -0.6436555109E-01
   -0.6444145754E-01
   -0.6457194939E-01
   -0.6462496181E-01
   -0.6471616426E-01
   -0.6479206800E-01
   -0.6489642081E-01
   -0.6494950398E-01
   -0.6504072187E-01
   -0.6506331626E-01
   -0.6519385346E-01
   -0.6528493718E-01
   -0.6535006896E-01
   -0.6537270691E-01
   -0.6543771246E-01
   -0.6547554666E-01
   -0.6560605726E-01
   -0.6568192929E-01
   -0.6574695822E-01
   -0.6578482145E-01
   -0.6582373914E-01
   -0.6586157518E-01
   -0.6599202505E-01
   -0.6605265906E-01
   -0.6609151440E-01
   -0.6614461206E-01
   -0.6623592985E-01
   -0.6622051368E-01
   -0.6625945012E-01
   -0.6632006322E-01
   -0.6635888901E-01
   -0.6639677767E-01
   -0.6646186733E-01
   -0.6652243324E-01
   -0.6660047683E-01
   -0.6660032322E-01
   -0.6659999812E-01
   -0.6662264328E-01
   -0.6666162191E-01
   -0.6663097951E-01
   -0.6673520125E-01
   -0.6681103241E-01
   -0.6678457753E-01
   -0.6676920492E-01
   -0.6680803689E-01
   -0.6681539508E-01
   -0.6685428160E-01
   -0.6689213124E-01
   -0.6693106613E-01
   -0.6693846601E-01
   -0.6688575961E-01
   -0.6687035161E-01
   -0.6690923033E-01
   -0.6691661209E-01
   -0.6692923628E-01
   -0.6695181801E-01
   -0.6692538650E-01
   -0.6689476493E-01
   -0.6684205074E-01
   -0.6681140834E-01
   -0.6682409334E-01
   -0.6684669588E-01
   -0.6679400044E-01
   -0.6676334715E-01
   -0.6673686109E-01
   -0.6670620779E-01
   -0.6665349361E-01
   -0.6662284031E-01
   -0.6660932673E-01
   -0.6660149402E-01
   -0.6654882357E-01
   -0.6653342193E-01
   -0.6648071399E-01
   -0.6639677039E-01
   -0.6631782808E-01
   -0.6628720021E-01
   -0.6623450638E-01
   -0.6622665554E-01
   -0.6614777100E-01
   -0.6606390897E-01
   -0.6598502120E-01
   -0.6593912809E-01
   -0.6579486936E-01
   -0.6572622004E-01
   -0.6555575193E-01
   -0.6545661382E-01
   -0.6544308788E-01
   -0.6535919780E-01
   -0.6524111723E-01
   -0.6521800023E-01
   -0.6504754455E-01
   -0.6496365810E-01
   -0.6479314787E-01
   -0.6469403879E-01
   -0.6452357531E-01
   -0.6374574847E-01
   -0.6238194263E-01
   -0.6158889855E-01
   -0.6029047153E-01
   -0.5949742210E-01
   -0.5813363331E-01
   -0.5737862976E-01
   -0.5603747232E-01
   -0.5536504900E-01
   -0.5407120072E-01
   -0.5343130624E-01
   -0.5209501603E-01
   -0.5145515806E-01
   -0.5006200666E-01
   -0.4939602528E-01
   -0.4810223613E-01
   -0.4670919109E-01
   -0.4612134200E-01
   -0.4494077440E-01
   -0.4430736694E-01
   -0.4298506098E-01
   -0.4238418316E-01
   -0.4107606435E-01
   -0.4049466657E-01
   -0.3928570041E-01
   -0.3868477446E-01
   -0.3747584721E-01
   -0.3684888875E-01
   -0.3558316109E-01
   -0.3502127358E-01
   -0.3392559148E-01
   -0.3337674120E-01
   -0.3221017983E-01
   -0.3168084523E-01
   -0.3045760846E-01
   -0.2992821649E-01
   -0.2890347793E-01
   -0.2832853453E-01
   -0.2724685703E-01
   -0.2672397529E-01
   -0.2554313313E-01
   -0.2505277178E-01
   -0.2407037716E-01
   -0.2356053732E-01
   -0.2252134731E-01
   -0.2206348612E-01
   -0.2106681070E-01
   -0.2053088556E-01
   -0.1952008057E-01
   -0.1906227991E-01
   -0.1813640777E-01
   -0.1771753374E-01
   -0.1679170382E-01
   -0.1635339172E-01
   -0.1542746215E-01
   -0.1498915002E-01
   -0.1409167129E-01
   -0.1364736891E-01
   -0.1264856374E-01
   -0.1245823349E-01
   -0.1145945939E-01
   -0.1125933645E-01
   -0.1026051463E-01
   -0.1006363636E-01
   -0.9503290484E-02
   -0.9392054831E-02
   -0.9349307190E-02
   -0.8965143220E-02
   -0.8919124451E-02
   -0.8401560700E-02
   -0.8358811790E-02
   -0.7879417721E-02
   -0.7825240720E-02
   -0.7269502748E-02
   -0.7231649795E-02
   -0.6847390439E-02
   -0.5812262937E-02
   -0.5720213175E-02
   -0.4875437118E-02
   -0.4794837840E-02
   -0.3950166851E-02
   -0.3871179569E-02
   -0.3121729566E-02
   -0.3045288780E-02
   -0.3005559138E-02
   -0.2224140559E-02
   -0.2188507965E-02
   -0.1466519278E-02
   -0.1450759819E-02
   -0.7686078599E-03
   -0.7569519214E-03
   -0.7270746823E-03
    0.3466256136E-04
    0.6783319489E-04
    0.6507193462E-03
    0.6978524857E-03
    0.1295107172E-02
    0.1701850640E-02
    0.1748188235E-02
    0.2154971432E-02
    0.2189881123E-02
    0.2558535506E-02
    0.2591812004E-02
    0.2626724620E-02
    0.3033507818E-02
    0.3072364337E-02
    0.3270107994E-02
    0.3589934548E-02
    0.3646611668E-02
    0.3844530295E-02
    0.3868557763E-02
    0.3979300186E-02
    0.4019671688E-02
    0.4217517651E-02
    0.4225226381E-02
    0.4213949353E-02
    0.4215168485E-02
    0.4151764679E-02
    0.4175811209E-02
    0.4286585355E-02
    0.4271458534E-02
    0.4259037223E-02
    0.4209855597E-02
    0.4190871148E-02
    0.4141701334E-02
    0.4129252809E-02
    0.4027973533E-02
    0.4015547546E-02
    0.4001213060E-02
    0.3982252884E-02
    0.3898238526E-02
    0.3857517537E-02
    0.3775072676E-02
    0.3695034559E-02
    0.3606248276E-02
    0.3384593056E-02
    0.3295832957E-02
    0.3074241532E-02
    0.2952917876E-02
    0.2702779901E-02
    0.2594512365E-02
    0.2302037126E-02
    0.2167680666E-02
    0.1846691431E-02
    0.1692778609E-02
    0.1230265487E-02
    0.9983167696E-03
    0.5497459130E-03
    0.3698124613E-03
    0.2538428888E-03
    0.7212704318E-04
   -0.1134941480E-04
   -0.2214243302E-03
   -0.3504469216E-03
   -0.5604812122E-03
   -0.7089990435E-03
   -0.9191320202E-03
   -0.1015642594E-02
   -0.1324874702E-02
   -0.1440853847E-02
   -0.1693436579E-02
   -0.1822498279E-02
   -0.2131789504E-02
   -0.2247777979E-02
   -0.2486287462E-02
   -0.2693447726E-02
   -0.2974400193E-02
   -0.3103432114E-02
   -0.3384294487E-02
   -0.3500291456E-02
   -0.3852056642E-02
   -0.4090536203E-02
   -0.4266797594E-02
   -0.4652009631E-02
   -0.5262103396E-02
   -0.5632063776E-02
   -0.6333619922E-02
   -0.6703594834E-02
   -0.7339812198E-02
   -0.7725024235E-02
   -0.8452811132E-02
   -0.8891268350E-02
   -0.9658218499E-02
   -0.1008139847E-01
   -0.1080923925E-01
   -0.1128574124E-01
   -0.1207889453E-01
   -0.1251732116E-01
   -0.1336289087E-01
   -0.1385461909E-01
   -0.1473938565E-01
   -0.1524631791E-01
   -0.1609188137E-01
   -0.1663685099E-01
   -0.1754780584E-01
   -0.1801671035E-01
   -0.1895386444E-01
   -0.1951405665E-01
   -0.2054280916E-01
   -0.2112579425E-01
   -0.2208913664E-01
   -0.2267980536E-01
   -0.2370853288E-01
   -0.2428397901E-01
   -0.2531270653E-01
   -0.2594138354E-01
   -0.2702257579E-01
   -0.2765124280E-01
   -0.2877153596E-01
   -0.2940022750E-01
   -0.3048136520E-01
   -0.3078434601E-01
   -0.3108817730E-01
   -0.3133449472E-01
   -0.3145765149E-01
   -0.3178248289E-01
   -0.3189285072E-01
   -0.3206236586E-01
   -0.3209187634E-01
   -0.3209171183E-01
   -0.3218278828E-01
   -0.3231321316E-01
   -0.3232827851E-01
   -0.3235425328E-01
   -0.3240736817E-01
   -0.3247245944E-01
   -0.3247229946E-01
   -0.3256358608E-01
   -0.3261666924E-01
   -0.3261636134E-01
   -0.3261619682E-01
   -0.3264209985E-01
   -0.3265717699E-01
   -0.3265689408E-01
   -0.3265671503E-01
   -0.3274804371E-01
   -0.3280114406E-01
   -0.3280086894E-01
   -0.3278546730E-01
   -0.3281138753E-01
   -0.3278845411E-01
   -0.3278814621E-01
   -0.3278798169E-01
   -0.3272230739E-01
   -0.3277537603E-01
   -0.3284046730E-01
   -0.3280227770E-01
   -0.3282825247E-01
   -0.3284335681E-01
   -0.3277770750E-01
   -0.3273953696E-01
   -0.3270009079E-01
   -0.3266190846E-01
   -0.3266162554E-01
   -0.3266146103E-01
   -0.3266116092E-01
   -0.3267621900E-01
   -0.3261054470E-01
   -0.3257235509E-01
   -0.3253290893E-01
   -0.3250997098E-01
   -0.3244432168E-01
   -0.3239091401E-01
   -0.3232525221E-01
   -0.3228707714E-01
   -0.3222141534E-01
   -0.3216045230E-01
   -0.3212099364E-01
   -0.3208283310E-01
   -0.3201717130E-01
   -0.3197898170E-01
   -0.3184795351E-01
   -0.3177176788E-01
   -0.3177154731E-01
   -0.3174862655E-01
   -0.3170918039E-01
   -0.3163299476E-01
   -0.3150195407E-01
   -0.3151702668E-01
   -0.3135978285E-01
   -0.3126835283E-01
   -0.3122890667E-01
   -0.3089384735E-01
   -0.3084038746E-01
   -0.3079761955E-01
   -0.3059758969E-01
   -0.3049065972E-01
   -0.3010644279E-01
   -0.3001020480E-01
   -0.2973347021E-01
   -0.2962654534E-01
   -0.2934978142E-01
   -0.2922687121E-01
   -0.2884265427E-01
   -0.2874641628E-01
   -0.2839296230E-01
   -0.2820600043E-01
   -0.2777573372E-01
   -0.2765282350E-01
   -0.2729937504E-01
   -0.2714980280E-01
   -0.2664292471E-01
   -0.2652001449E-01
   -0.2608987045E-01
   -0.2591362599E-01
   -0.2540673875E-01
   -0.2523047071E-01
   -0.2472362194E-01
   -0.2458474168E-01
   -0.2410854786E-01
   -0.2393227604E-01
   -0.2342538880E-01
   -0.2322244855E-01
   -0.2266962867E-01
   -0.2250407619E-01
   -0.2192042021E-01
   -0.2170152010E-01
   -0.2107198084E-01
   -0.2087973388E-01
   -0.2032691953E-01
   -0.2016135367E-01
   -0.1956252801E-01
   -0.1931694548E-01
   -0.1879487941E-01
   -0.1858665221E-01
   -0.1795708362E-01
   -0.1776485064E-01
   -0.1713526754E-01
   -0.1690035282E-01
   -0.1622486263E-01
   -0.1600595743E-01
   -0.1543792941E-01
   -0.1520303886E-01
   -0.1452747000E-01
   -0.1432993477E-01
   -0.1357773986E-01
   -0.1334284931E-01
   -0.1274398518E-01
   -0.1249310233E-01
   -0.1180242780E-01
   -0.1160490463E-01
   -0.1085263105E-01
   -0.1060178065E-01
   -0.9880348693E-02
   -0.9629455641E-02
   -0.9015412686E-02
   -0.8775211610E-02
   -0.8084527941E-02
   -0.7806995122E-02
   -0.7039542715E-02
   -0.6815326983E-02
   -0.6124584662E-02
   -0.5868435798E-02
   -0.5100983390E-02
   -0.4860804573E-02
   -0.4093361311E-02
   -0.3837185088E-02
   -0.3570316889E-02
   -0.2941129797E-02
   -0.2684961853E-02
   -0.1917558795E-02
   -0.1698774129E-02
   -0.9928182979E-03
   -0.7366694331E-03
    0.4946341954E-16
